9,7,295~9,8,295
7,1,214~7,1,217
4,3,272~6,3,272
6,2,55~6,4,55
1,2,254~1,4,254
4,5,291~7,5,291
4,2,73~4,2,74
8,3,224~9,3,224
2,5,94~2,7,94
9,9,15~9,9,17
9,5,88~9,7,88
6,9,253~7,9,253
9,7,215~9,9,215
1,2,295~1,5,295
2,6,54~4,6,54
8,0,7~8,0,9
5,4,301~5,5,301
2,1,172~4,1,172
9,4,99~9,7,99
2,6,59~2,8,59
1,5,17~1,9,17
5,9,100~7,9,100
8,6,227~8,6,227
0,2,177~0,5,177
4,2,184~4,2,187
3,4,147~3,6,147
4,5,313~4,6,313
4,6,99~5,6,99
0,6,3~3,6,3
1,4,265~2,4,265
9,8,14~9,9,14
5,4,317~5,5,317
1,3,253~1,5,253
5,1,85~5,1,86
5,7,24~8,7,24
1,1,84~3,1,84
1,0,101~4,0,101
5,1,58~8,1,58
9,3,234~9,5,234
9,4,203~9,5,203
6,4,227~9,4,227
9,0,261~9,2,261
9,7,106~9,8,106
9,1,262~9,2,262
3,7,67~3,9,67
4,7,301~4,9,301
4,2,339~4,3,339
8,0,262~8,0,264
6,1,91~7,1,91
0,2,102~0,6,102
0,1,169~0,4,169
4,4,332~7,4,332
1,2,39~1,4,39
0,8,45~2,8,45
9,6,211~9,8,211
3,8,137~3,8,139
7,7,242~7,9,242
2,4,128~2,6,128
8,6,299~8,8,299
3,3,42~5,3,42
7,3,9~9,3,9
1,8,92~2,8,92
4,9,289~7,9,289
3,2,280~5,2,280
1,4,1~1,4,1
0,1,39~0,1,42
4,2,231~4,3,231
7,2,86~7,2,88
4,9,104~7,9,104
8,2,234~8,4,234
0,0,163~0,0,164
8,2,22~8,4,22
8,0,131~8,0,133
5,1,196~7,1,196
7,2,311~9,2,311
1,9,188~4,9,188
2,4,29~4,4,29
6,6,342~6,8,342
4,1,116~6,1,116
9,6,213~9,8,213
8,3,270~8,4,270
5,4,312~5,5,312
6,3,257~8,3,257
8,6,81~8,8,81
6,7,191~6,7,193
5,2,6~7,2,6
0,1,117~2,1,117
1,3,338~1,3,339
5,2,58~7,2,58
3,4,140~5,4,140
8,5,315~9,5,315
0,2,259~0,2,261
2,9,300~2,9,302
4,0,263~7,0,263
3,5,28~5,5,28
9,6,234~9,6,235
4,7,126~4,8,126
4,2,286~4,2,286
9,0,124~9,1,124
1,7,137~1,9,137
3,3,136~3,5,136
9,0,104~9,1,104
1,4,229~1,4,232
9,1,200~9,2,200
2,7,209~2,9,209
3,1,33~3,4,33
0,1,124~1,1,124
1,2,242~3,2,242
8,9,176~9,9,176
2,1,46~4,1,46
1,1,43~1,2,43
5,6,243~5,7,243
8,5,42~8,7,42
7,1,84~7,3,84
5,4,127~5,6,127
0,2,117~1,2,117
9,1,296~9,1,299
2,6,44~2,9,44
3,6,49~7,6,49
0,8,188~0,9,188
8,3,195~8,5,195
4,3,140~8,3,140
8,4,200~8,5,200
4,2,31~4,4,31
0,5,327~2,5,327
0,0,109~0,3,109
7,8,301~9,8,301
5,4,112~6,4,112
4,3,255~6,3,255
5,0,177~5,0,177
4,5,320~6,5,320
0,5,58~2,5,58
4,4,300~6,4,300
1,6,39~3,6,39
0,6,94~0,6,97
0,8,182~1,8,182
3,5,30~3,6,30
6,2,71~6,5,71
2,5,125~2,7,125
8,5,168~8,7,168
5,3,275~5,5,275
6,2,153~6,2,154
6,3,63~6,6,63
1,5,42~2,5,42
3,5,306~3,8,306
2,1,296~5,1,296
5,5,85~5,8,85
3,0,260~3,2,260
7,2,213~7,4,213
0,0,16~0,3,16
4,9,34~7,9,34
2,8,163~2,8,163
4,6,209~4,9,209
5,4,297~5,6,297
1,6,222~1,7,222
0,4,227~3,4,227
4,2,50~7,2,50
9,5,61~9,7,61
5,5,115~8,5,115
6,3,85~9,3,85
0,0,106~0,2,106
8,2,219~9,2,219
9,1,14~9,2,14
9,2,306~9,5,306
5,4,302~5,7,302
2,6,97~5,6,97
5,0,146~5,2,146
4,9,125~4,9,127
0,4,293~3,4,293
6,7,295~6,9,295
0,1,44~2,1,44
4,8,158~7,8,158
0,2,118~0,4,118
7,2,191~7,3,191
1,6,18~1,7,18
5,7,33~5,9,33
1,6,140~1,6,142
1,8,321~3,8,321
2,7,30~5,7,30
8,2,174~8,4,174
2,2,275~2,5,275
6,8,247~9,8,247
6,7,217~6,9,217
3,3,65~3,5,65
1,0,312~3,0,312
0,5,141~2,5,141
6,1,208~8,1,208
3,6,99~3,7,99
4,5,57~6,5,57
7,6,121~9,6,121
1,5,317~4,5,317
6,2,56~8,2,56
5,0,13~7,0,13
6,5,157~8,5,157
6,2,52~6,3,52
7,3,239~7,3,242
0,6,220~2,6,220
4,2,91~6,2,91
4,5,332~5,5,332
8,0,65~9,0,65
2,7,282~4,7,282
2,4,100~2,6,100
6,1,98~9,1,98
5,4,119~7,4,119
6,4,153~6,6,153
5,1,62~8,1,62
5,3,142~5,4,142
3,2,326~3,5,326
9,5,90~9,8,90
5,4,145~5,6,145
9,0,234~9,2,234
1,7,21~1,9,21
4,1,261~6,1,261
2,7,336~4,7,336
7,3,87~7,3,90
2,7,154~4,7,154
0,4,171~0,4,173
3,6,309~3,6,311
6,6,114~8,6,114
8,5,60~8,7,60
7,0,205~7,2,205
5,3,339~7,3,339
5,5,276~5,7,276
3,2,241~3,4,241
6,5,301~7,5,301
7,5,40~7,6,40
6,1,331~8,1,331
2,0,96~5,0,96
6,3,87~6,5,87
4,9,228~6,9,228
0,1,49~0,2,49
1,1,248~1,3,248
8,3,87~8,5,87
1,4,149~2,4,149
0,3,31~0,3,33
6,7,122~6,7,124
2,6,149~5,6,149
3,9,7~6,9,7
1,4,329~4,4,329
4,2,259~4,2,262
0,1,1~0,3,1
6,3,12~6,4,12
7,1,199~9,1,199
5,3,166~5,6,166
4,9,97~6,9,97
4,5,292~4,7,292
0,5,79~0,6,79
0,3,258~2,3,258
4,1,258~8,1,258
0,4,72~3,4,72
1,7,261~3,7,261
8,5,313~8,7,313
3,0,44~3,3,44
4,6,307~7,6,307
2,8,258~5,8,258
2,6,45~3,6,45
8,3,90~8,5,90
4,7,213~4,8,213
0,0,19~3,0,19
3,1,306~3,3,306
8,5,207~8,8,207
0,7,210~1,7,210
3,7,102~6,7,102
2,8,249~4,8,249
5,4,133~7,4,133
9,3,237~9,3,240
7,8,125~7,9,125
0,0,272~0,0,274
6,4,16~7,4,16
1,2,47~1,2,49
6,0,265~6,3,265
7,3,148~9,3,148
0,2,264~0,3,264
4,6,124~5,6,124
5,7,75~7,7,75
5,0,75~5,2,75
4,3,28~4,4,28
3,1,92~3,2,92
1,4,92~1,4,93
4,5,49~5,5,49
3,4,76~3,4,78
0,4,252~2,4,252
1,5,205~2,5,205
1,2,263~1,6,263
5,0,17~7,0,17
7,1,59~7,1,60
5,6,173~5,6,175
7,4,81~9,4,81
3,4,330~3,5,330
5,3,216~5,5,216
0,3,338~0,6,338
6,8,292~8,8,292
6,2,3~8,2,3
7,3,259~8,3,259
0,0,223~2,0,223
1,2,118~3,2,118
1,9,71~3,9,71
6,0,121~9,0,121
7,6,197~7,8,197
2,0,81~5,0,81
9,1,100~9,2,100
6,3,3~6,6,3
3,0,262~3,1,262
6,1,144~6,4,144
2,5,95~5,5,95
7,3,198~7,5,198
4,9,86~6,9,86
7,7,84~8,7,84
7,2,327~7,2,331
4,6,69~4,8,69
2,3,255~2,5,255
0,8,319~2,8,319
1,7,198~1,9,198
3,0,263~3,0,264
4,3,327~4,6,327
9,1,126~9,1,128
2,4,22~4,4,22
4,2,207~6,2,207
5,3,45~6,3,45
1,0,232~1,2,232
3,0,330~4,0,330
4,5,101~6,5,101
1,3,42~1,3,43
5,5,239~5,7,239
1,8,332~3,8,332
2,8,6~2,9,6
6,5,113~6,6,113
3,6,249~3,7,249
0,8,164~3,8,164
1,2,179~1,2,181
5,8,91~8,8,91
4,0,54~7,0,54
2,9,286~5,9,286
8,5,260~8,7,260
0,0,302~2,0,302
7,3,195~7,6,195
8,6,86~9,6,86
5,3,171~7,3,171
9,2,15~9,3,15
6,8,225~7,8,225
1,5,203~3,5,203
3,2,301~3,3,301
7,2,265~7,2,268
1,4,81~3,4,81
6,6,65~6,7,65
6,0,22~7,0,22
2,7,124~4,7,124
0,5,145~0,5,146
2,3,179~2,6,179
8,5,308~8,7,308
8,4,173~8,6,173
5,4,284~7,4,284
1,2,147~1,2,148
8,0,64~8,3,64
4,0,283~4,2,283
2,3,253~2,4,253
6,6,171~9,6,171
2,6,290~2,8,290
4,8,37~4,9,37
5,8,252~6,8,252
7,0,267~9,0,267
7,6,317~7,7,317
4,3,250~4,5,250
6,8,21~6,8,23
4,0,156~6,0,156
9,5,96~9,5,98
3,6,51~6,6,51
4,0,167~5,0,167
4,1,251~5,1,251
1,1,13~1,4,13
6,1,87~7,1,87
4,4,135~6,4,135
4,4,88~4,4,90
6,1,287~6,4,287
1,7,163~1,9,163
1,2,90~5,2,90
3,9,131~3,9,134
7,3,11~9,3,11
4,9,225~5,9,225
5,6,37~8,6,37
0,9,289~2,9,289
0,5,88~2,5,88
7,0,78~9,0,78
9,3,5~9,6,5
3,9,105~6,9,105
1,5,147~1,7,147
6,6,339~6,8,339
1,5,57~2,5,57
6,9,119~8,9,119
4,1,11~4,3,11
3,5,133~5,5,133
7,4,217~7,6,217
6,0,220~8,0,220
5,7,70~5,7,73
3,0,3~7,0,3
6,1,24~6,3,24
6,7,319~6,9,319
3,1,256~5,1,256
6,4,36~6,6,36
2,5,151~2,8,151
3,2,281~5,2,281
3,5,144~3,7,144
2,7,46~3,7,46
6,7,336~8,7,336
7,5,162~8,5,162
4,1,241~8,1,241
3,1,47~3,4,47
6,0,266~6,0,269
1,9,8~3,9,8
6,7,220~6,8,220
9,6,174~9,9,174
9,5,92~9,6,92
5,1,111~5,3,111
8,6,83~8,9,83
4,3,23~6,3,23
2,5,324~2,8,324
2,4,256~4,4,256
5,9,292~6,9,292
3,3,243~3,5,243
3,3,163~6,3,163
8,3,96~8,4,96
3,6,142~5,6,142
9,5,58~9,7,58
4,4,172~7,4,172
0,1,115~1,1,115
2,6,8~3,6,8
9,1,316~9,4,316
1,5,256~1,8,256
6,3,137~6,5,137
2,9,316~5,9,316
0,1,38~2,1,38
4,6,328~7,6,328
6,7,287~6,7,290
4,9,84~6,9,84
2,2,315~2,4,315
3,3,197~5,3,197
4,0,217~8,0,217
0,9,297~3,9,297
1,2,277~1,5,277
3,4,202~4,4,202
4,3,150~5,3,150
1,5,207~1,7,207
0,3,17~0,4,17
3,6,256~3,8,256
7,1,129~7,2,129
1,1,272~1,5,272
1,2,278~1,2,280
1,0,267~3,0,267
6,6,19~9,6,19
3,0,140~3,2,140
0,0,95~2,0,95
0,1,159~0,3,159
4,9,322~6,9,322
2,7,173~2,9,173
8,4,92~9,4,92
7,0,19~7,1,19
5,8,320~6,8,320
1,1,251~3,1,251
2,4,24~2,7,24
5,4,303~5,6,303
0,0,270~2,0,270
2,2,70~2,2,73
2,7,174~2,7,177
6,2,11~6,4,11
3,0,169~4,0,169
9,3,93~9,5,93
5,7,316~7,7,316
5,1,3~8,1,3
2,4,70~3,4,70
2,2,61~2,5,61
4,5,205~6,5,205
1,1,2~1,1,5
2,0,143~5,0,143
0,0,166~0,1,166
0,0,113~2,0,113
5,4,23~5,5,23
8,5,78~8,8,78
0,0,224~0,2,224
4,1,90~4,1,91
6,9,91~6,9,93
0,4,207~2,4,207
5,2,39~5,5,39
0,0,22~2,0,22
1,7,95~1,7,95
1,1,274~1,1,277
0,0,25~0,0,27
7,7,295~7,9,295
7,1,52~7,2,52
0,8,219~0,8,221
0,6,136~2,6,136
0,4,255~0,6,255
6,6,294~6,8,294
8,5,57~9,5,57
0,8,175~4,8,175
6,8,47~6,8,49
4,1,342~4,2,342
3,3,200~3,5,200
0,1,337~0,4,337
3,3,43~4,3,43
1,8,179~3,8,179
4,0,205~4,2,205
1,1,130~1,1,131
2,6,4~4,6,4
2,0,211~5,0,211
8,4,295~8,6,295
4,9,211~4,9,214
0,1,47~2,1,47
5,5,160~7,5,160
1,6,85~2,6,85
2,1,170~5,1,170
2,7,191~2,9,191
3,8,68~5,8,68
6,4,204~6,5,204
6,8,194~9,8,194
5,6,111~7,6,111
0,2,256~2,2,256
0,3,73~3,3,73
1,5,177~2,5,177
3,4,84~5,4,84
1,2,229~1,2,231
1,4,290~1,7,290
3,0,108~5,0,108
5,0,127~7,0,127
6,7,196~6,9,196
4,2,188~7,2,188
9,5,316~9,7,316
3,2,136~3,2,139
5,3,2~5,6,2
1,0,8~3,0,8
4,2,252~6,2,252
4,6,167~6,6,167
5,6,188~5,7,188
8,6,261~8,9,261
2,2,332~2,4,332
3,1,4~4,1,4
6,0,292~6,1,292
2,0,99~3,0,99
0,4,147~1,4,147
3,4,242~3,5,242
5,5,245~8,5,245
4,7,217~4,9,217
6,7,85~6,9,85
8,5,66~8,5,67
6,0,190~6,2,190
2,7,137~2,9,137
0,4,87~0,6,87
1,6,217~3,6,217
1,4,14~1,4,14
6,2,176~9,2,176
5,8,139~8,8,139
6,7,300~6,9,300
3,0,180~3,2,180
8,0,129~8,1,129
7,8,175~9,8,175
7,7,244~7,9,244
6,4,38~8,4,38
8,0,171~9,0,171
4,0,285~4,2,285
0,4,12~0,4,13
0,1,75~0,3,75
9,4,177~9,6,177
4,1,324~4,3,324
5,4,75~8,4,75
4,6,118~6,6,118
5,4,158~5,4,160
7,2,152~7,4,152
3,0,87~5,0,87
3,1,78~3,1,78
5,4,87~5,6,87
4,7,67~4,9,67
6,7,157~8,7,157
7,4,184~7,5,184
0,1,307~3,1,307
4,6,299~5,6,299
4,3,325~6,3,325
5,2,196~5,4,196
1,5,52~4,5,52
7,8,99~8,8,99
0,9,179~2,9,179
5,5,58~5,7,58
5,2,327~5,2,327
3,8,17~5,8,17
6,4,333~6,5,333
1,1,245~1,4,245
7,6,292~8,6,292
3,9,223~5,9,223
7,8,128~9,8,128
2,0,338~2,3,338
5,2,152~5,3,152
2,1,304~4,1,304
2,3,69~4,3,69
4,1,71~4,3,71
5,0,300~7,0,300
4,0,328~4,2,328
3,8,6~3,8,8
5,8,219~6,8,219
3,1,14~4,1,14
5,5,54~7,5,54
3,5,71~5,5,71
3,7,159~3,8,159
5,2,260~7,2,260
1,3,204~4,3,204
6,2,179~6,4,179
5,5,81~5,7,81
4,4,299~7,4,299
7,8,47~8,8,47
4,3,6~6,3,6
2,5,3~4,5,3
8,2,203~8,5,203
8,8,86~9,8,86
5,0,16~7,0,16
3,6,218~3,8,218
7,2,158~8,2,158
6,3,162~6,6,162
3,6,173~3,6,174
8,6,224~9,6,224
3,7,221~3,9,221
4,1,247~4,4,247
1,7,85~1,9,85
0,4,93~0,7,93
4,8,7~5,8,7
7,5,305~8,5,305
6,3,74~7,3,74
5,8,245~7,8,245
3,5,305~3,8,305
8,9,127~9,9,127
3,9,181~5,9,181
8,8,197~8,8,198
2,3,142~2,5,142
0,1,157~0,3,157
5,9,302~7,9,302
2,9,128~5,9,128
6,5,9~7,5,9
2,1,320~2,4,320
5,4,72~7,4,72
3,5,201~3,8,201
1,3,271~1,6,271
9,2,19~9,3,19
3,7,68~5,7,68
2,1,302~3,1,302
1,7,318~1,8,318
2,0,164~2,1,164
3,6,330~3,8,330
6,5,250~6,8,250
0,2,42~1,2,42
4,5,168~4,7,168
4,4,241~5,4,241
3,7,281~5,7,281
0,5,61~0,6,61
6,4,13~6,4,15
7,6,251~7,6,252
5,2,173~5,3,173
4,3,206~4,6,206
6,2,54~6,3,54
3,6,247~3,9,247
1,1,77~4,1,77
2,0,226~2,0,228
0,4,335~3,4,335
4,3,288~7,3,288
0,3,72~2,3,72
7,1,2~7,4,2
7,0,4~9,0,4
0,5,257~0,6,257
4,2,12~7,2,12
0,3,30~3,3,30
7,4,309~7,7,309
4,9,101~6,9,101
0,8,75~1,8,75
4,0,76~8,0,76
7,9,11~9,9,11
5,1,182~6,1,182
5,5,170~5,7,170
1,6,143~1,8,143
2,7,61~2,7,62
5,6,43~5,8,43
5,6,65~5,7,65
6,0,152~6,0,154
6,7,175~8,7,175
0,6,258~0,7,258
2,3,65~2,5,65
4,0,89~4,2,89
2,6,130~2,8,130
7,0,333~7,3,333
6,3,269~6,5,269
8,4,267~9,4,267
2,1,184~3,1,184
5,9,295~5,9,296
5,7,215~6,7,215
6,4,188~7,4,188
2,2,43~2,5,43
6,2,311~6,4,311
2,5,105~2,6,105
9,6,222~9,9,222
6,3,334~6,5,334
3,3,338~4,3,338
6,4,155~6,7,155
0,9,86~0,9,88
5,8,159~5,9,159
6,4,148~6,4,151
9,2,291~9,5,291
4,1,211~7,1,211
1,7,78~1,9,78
1,7,44~1,9,44
0,5,8~0,8,8
5,1,127~8,1,127
7,4,78~7,5,78
2,3,1~2,3,2
7,8,43~9,8,43
2,0,6~2,2,6
1,7,134~3,7,134
1,5,72~1,8,72
7,3,337~7,6,337
3,1,336~3,3,336
1,6,1~1,6,2
5,0,246~5,3,246
5,1,328~7,1,328
2,7,100~2,8,100
9,5,205~9,7,205
7,6,165~8,6,165
1,6,139~2,6,139
7,3,135~7,5,135
9,2,207~9,2,210
1,3,311~1,6,311
2,4,152~2,5,152
5,6,88~7,6,88
3,6,33~3,6,37
3,2,177~6,2,177
7,6,38~7,8,38
6,2,150~9,2,150
7,5,250~7,6,250
7,4,334~7,7,334
5,1,180~5,4,180
5,3,155~5,4,155
3,7,310~3,9,310
2,0,15~2,3,15
0,1,227~0,1,229
6,4,68~6,6,68
7,8,215~7,8,217
1,9,45~2,9,45
7,6,21~7,6,23
1,1,294~1,4,294
3,6,283~3,8,283
0,3,63~3,3,63
5,5,315~5,7,315
4,7,5~4,9,5
9,3,6~9,5,6
4,8,322~6,8,322
9,0,308~9,2,308
0,2,144~0,5,144
2,7,28~5,7,28
4,3,308~6,3,308
4,4,330~4,5,330
7,8,1~9,8,1
4,1,1~4,2,1
9,5,289~9,7,289
2,9,192~4,9,192
6,4,185~6,6,185
0,8,90~2,8,90
1,5,316~1,7,316
6,6,189~6,8,189
5,7,252~6,7,252
4,0,141~4,3,141
0,6,7~0,8,7
7,0,65~7,1,65
1,0,233~1,1,233
1,8,154~4,8,154
3,8,157~5,8,157
9,6,216~9,8,216
2,6,172~2,7,172
0,3,130~0,3,132
6,0,207~9,0,207
6,6,298~6,9,298
0,4,210~0,5,210
1,9,185~4,9,185
6,1,93~6,1,95
0,5,328~2,5,328
1,6,289~3,6,289
5,3,46~5,5,46
7,1,144~7,3,144
7,4,247~7,6,247
1,4,36~1,4,38
0,9,139~2,9,139
1,4,89~1,6,89
8,5,196~8,5,198
0,6,5~0,9,5
5,4,266~8,4,266
3,3,234~5,3,234
4,2,301~4,4,301
6,7,68~7,7,68
8,4,311~8,6,311
0,9,84~2,9,84
5,6,82~7,6,82
0,0,162~2,0,162
4,8,200~4,8,202
2,6,284~2,9,284
3,2,131~3,5,131
5,2,236~7,2,236
0,3,312~2,3,312
3,2,203~7,2,203
5,3,108~5,6,108
0,1,301~3,1,301
1,6,82~1,8,82
5,7,60~5,8,60
0,8,218~2,8,218
9,7,2~9,7,5
2,7,178~2,7,181
8,1,103~9,1,103
8,7,235~9,7,235
4,1,72~4,1,74
5,5,284~5,6,284
2,5,175~2,6,175
6,5,12~6,7,12
3,3,238~3,5,238
2,5,222~2,7,222
6,0,149~6,1,149
8,2,225~8,5,225
7,8,210~9,8,210
5,6,278~6,6,278
6,7,18~9,7,18
4,6,295~4,9,295
1,8,14~3,8,14
2,3,83~2,3,84
9,2,206~9,5,206
4,9,184~5,9,184
5,3,247~5,5,247
0,2,155~0,3,155
6,1,151~6,2,151
3,2,134~4,2,134
5,0,303~5,1,303
2,2,326~2,2,328
6,0,124~6,3,124
6,9,315~6,9,318
6,7,36~6,7,38
7,0,311~9,0,311
8,5,118~8,5,119
0,0,168~2,0,168
2,2,10~2,2,12
6,1,42~6,1,45
8,2,70~8,3,70
8,7,88~8,8,88
3,2,199~6,2,199
8,0,107~9,0,107
9,2,231~9,5,231
1,6,322~1,9,322
6,7,77~8,7,77
7,5,161~9,5,161
1,0,12~4,0,12
3,5,35~4,5,35
4,6,164~8,6,164
4,1,270~4,2,270
9,7,101~9,9,101
4,1,113~6,1,113
1,1,127~3,1,127
7,4,53~8,4,53
8,4,17~8,7,17
1,2,319~1,2,319
3,4,19~3,5,19
3,5,246~3,6,246
6,8,191~6,8,193
3,5,164~5,5,164
0,6,89~0,8,89
8,6,4~8,9,4
7,6,289~7,8,289
1,2,144~4,2,144
5,4,294~5,5,294
8,3,95~8,6,95
6,5,117~6,7,117
7,1,53~9,1,53
7,7,107~7,7,109
1,1,336~1,3,336
9,2,12~9,4,12
0,4,10~2,4,10
3,0,305~3,2,305
8,2,1~8,4,1
8,3,67~8,3,67
4,4,137~4,7,137
1,8,3~4,8,3
7,1,220~9,1,220
8,1,178~8,3,178
0,3,314~1,3,314
4,6,187~6,6,187
9,4,229~9,6,229
2,5,257~2,5,259
6,6,41~9,6,41
5,6,62~5,7,62
1,3,105~1,5,105
0,3,175~0,5,175
2,4,268~2,4,268
2,3,35~2,5,35
0,7,195~2,7,195
4,0,257~7,0,257
2,6,87~2,6,90
5,2,77~5,2,78
5,0,63~5,2,63
4,7,170~4,7,171
5,5,214~9,5,214
5,7,240~7,7,240
1,2,317~4,2,317
6,6,16~6,8,16
2,3,167~2,5,167
6,6,198~6,7,198
2,1,167~3,1,167
8,9,124~9,9,124
4,0,168~6,0,168
1,6,213~1,8,213
4,8,286~7,8,286
3,8,10~6,8,10
7,8,41~9,8,41
0,0,219~3,0,219
2,0,4~4,0,4
2,5,138~3,5,138
6,4,182~7,4,182
3,6,341~6,6,341
6,0,159~6,0,161
6,0,162~8,0,162
7,5,69~7,7,69
8,2,314~8,2,316
4,4,113~4,6,113
4,5,208~4,5,211
4,9,305~6,9,305
1,4,268~1,4,270
1,9,1~3,9,1
7,2,8~9,2,8
2,1,130~2,1,132
2,8,11~3,8,11
0,0,112~0,2,112
7,9,2~7,9,3
1,2,177~1,3,177
6,7,14~8,7,14
5,7,279~7,7,279
1,8,160~4,8,160
7,7,171~8,7,171
7,2,263~7,4,263
1,0,45~1,2,45
2,2,67~2,5,67
4,6,77~4,8,77
3,5,162~5,5,162
0,5,211~1,5,211
4,7,285~6,7,285
1,2,276~2,2,276
0,2,335~3,2,335
8,1,271~8,4,271
6,9,304~8,9,304
4,4,111~6,4,111
0,6,217~0,8,217
1,6,74~2,6,74
1,5,69~3,5,69
0,4,336~0,6,336
4,0,104~4,0,107
6,5,2~9,5,2
7,0,208~9,0,208
1,7,156~2,7,156
5,1,39~5,1,42
5,1,289~7,1,289
6,5,298~8,5,298
7,1,145~7,1,147
9,7,20~9,7,22
1,5,6~1,6,6
2,7,212~5,7,212
0,2,34~3,2,34
6,5,14~6,5,15
6,1,7~6,3,7
7,0,63~7,2,63
3,2,164~3,4,164
7,7,250~7,9,250
0,7,292~2,7,292
5,2,191~5,4,191
7,2,145~7,5,145
6,8,231~6,9,231
4,0,158~7,0,158
5,5,206~7,5,206
3,5,18~7,5,18
0,7,320~0,9,320
3,6,178~3,9,178
5,2,210~7,2,210
6,8,93~8,8,93
1,1,133~1,1,136
2,0,210~2,1,210
5,7,287~5,8,287
5,9,94~7,9,94
7,0,67~7,2,67
0,6,313~2,6,313
7,9,129~7,9,130
4,5,181~6,5,181
5,9,96~7,9,96
3,3,290~3,6,290
7,6,258~9,6,258
1,8,200~2,8,200
3,7,333~3,7,335
1,0,81~1,3,81
2,3,108~2,6,108
3,7,145~3,7,148
0,3,160~1,3,160
3,4,91~6,4,91
3,2,321~5,2,321
5,1,215~5,4,215
1,7,81~1,9,81
8,2,175~8,3,175
3,5,206~3,7,206
0,1,125~0,1,127
4,1,238~4,4,238
1,2,33~1,5,33
3,2,322~3,4,322
3,5,36~5,5,36
2,9,85~2,9,86
0,5,1~0,5,3
0,2,105~0,3,105
6,8,222~6,9,222
2,7,138~2,7,138
7,0,90~7,1,90
0,8,190~0,9,190
6,3,142~7,3,142
4,3,328~5,3,328
5,9,313~7,9,313
0,4,74~0,6,74
1,7,295~1,9,295
6,6,179~6,9,179
1,2,84~1,4,84
1,7,259~2,7,259
1,4,61~1,6,61
2,0,146~2,3,146
5,4,86~7,4,86
2,7,164~4,7,164
1,3,29~4,3,29
7,8,74~7,8,74
2,8,79~4,8,79
4,5,67~5,5,67
5,7,26~9,7,26
5,0,55~8,0,55
6,0,214~6,1,214
5,9,88~6,9,88
0,1,122~0,3,122
1,4,308~4,4,308
8,0,223~8,3,223
4,1,265~4,3,265
5,9,308~5,9,311
5,3,237~5,5,237
6,5,33~6,8,33
2,3,260~3,3,260
6,0,78~6,0,80
8,2,160~8,3,160
1,6,41~1,7,41
8,4,244~8,4,247
2,3,203~3,3,203
7,6,202~7,8,202
4,6,301~4,6,303
9,4,180~9,6,180
0,0,115~1,0,115
7,2,324~7,5,324
8,0,80~8,1,80
2,1,255~5,1,255
2,6,56~2,6,58
3,0,1~6,0,1
9,2,179~9,2,182
6,3,193~9,3,193
1,8,220~1,8,221
1,0,57~4,0,57
0,5,109~2,5,109
9,2,212~9,4,212
1,5,258~1,5,260
3,6,40~5,6,40
4,2,83~6,2,83
9,2,202~9,3,202
0,4,314~0,6,314
1,0,159~4,0,159
2,5,262~2,5,264
4,4,25~4,6,25
9,6,60~9,8,60
3,1,36~6,1,36
3,2,237~3,5,237
3,6,253~3,9,253
7,5,213~7,8,213
4,7,123~4,9,123
4,3,305~4,6,305
0,2,323~3,2,323
4,6,26~6,6,26
0,2,325~4,2,325
8,4,61~8,6,61
4,8,88~5,8,88
0,7,293~0,7,295
6,8,343~6,9,343
6,3,88~6,3,90
8,2,245~8,2,246
9,6,29~9,7,29
5,0,175~7,0,175
4,3,343~5,3,343
1,6,250~3,6,250
9,7,250~9,9,250
0,6,263~0,7,263
9,0,223~9,1,223
2,3,166~4,3,166
2,7,97~2,7,97
1,0,9~3,0,9
2,3,273~4,3,273
4,1,147~4,3,147
2,6,194~2,7,194
3,4,30~5,4,30
5,8,71~8,8,71
4,8,199~7,8,199
7,6,72~8,6,72
7,0,135~8,0,135
1,2,124~2,2,124
6,2,47~6,3,47
5,5,88~5,5,88
6,6,121~6,9,121
2,3,341~4,3,341
4,5,16~7,5,16
8,4,210~8,5,210
5,6,283~5,8,283
7,2,89~9,2,89
3,7,135~3,8,135
6,7,203~6,8,203
4,1,9~7,1,9
6,7,118~6,9,118
1,5,312~2,5,312
3,3,286~3,6,286
4,3,85~4,5,85
6,3,60~6,5,60
9,4,233~9,7,233
8,4,19~8,4,20
7,0,168~8,0,168
8,4,250~8,5,250
8,3,149~8,3,150
6,9,308~9,9,308
6,9,123~9,9,123
6,9,12~8,9,12
4,9,82~6,9,82
5,3,243~5,5,243
5,5,311~7,5,311
3,9,313~3,9,314
2,2,279~2,2,282
2,3,80~2,6,80
2,8,303~4,8,303
2,6,285~2,7,285
2,5,208~2,7,208
5,5,183~5,5,186
7,4,118~7,6,118
8,3,142~8,6,142
0,6,138~0,6,139
7,3,267~7,4,267
2,6,170~4,6,170
2,7,213~2,9,213
9,0,294~9,2,294
6,1,175~6,4,175
3,0,299~3,3,299
5,2,74~7,2,74
6,5,209~8,5,209
5,8,3~5,8,5
7,6,311~7,7,311
3,4,101~3,6,101
9,2,17~9,3,17
0,0,1~2,0,1
4,3,321~7,3,321
0,6,86~1,6,86
1,0,87~2,0,87
9,2,314~9,4,314
5,3,169~5,4,169
5,0,174~5,2,174
7,4,232~9,4,232
7,6,46~7,9,46
2,2,9~2,5,9
7,2,238~7,3,238
5,6,15~7,6,15
6,3,178~6,6,178
5,5,97~5,5,99
8,5,201~9,5,201
9,9,216~9,9,220
1,7,225~1,8,225
9,0,153~9,2,153
1,1,79~1,3,79
4,3,116~4,3,116
6,7,177~6,8,177
3,3,9~4,3,9
4,8,297~4,9,297
6,7,20~6,7,21
2,0,89~2,0,92
7,2,51~7,5,51
0,3,149~2,3,149
3,7,64~5,7,64
7,9,128~9,9,128
5,0,266~5,2,266
9,7,103~9,8,103
6,5,20~9,5,20
4,1,212~6,1,212
3,7,224~3,9,224
1,1,182~4,1,182
8,4,54~8,6,54
1,3,151~2,3,151
8,0,243~8,4,243
6,1,70~8,1,70
3,5,32~6,5,32
7,1,82~8,1,82
1,0,309~1,1,309
2,2,228~5,2,228
0,1,304~0,2,304
6,1,254~6,4,254
1,0,11~1,1,11
5,5,66~6,5,66
0,3,108~0,4,108
6,0,216~6,3,216
6,6,24~9,6,24
9,8,61~9,9,61
3,4,309~3,4,310
2,5,293~3,5,293
1,2,226~4,2,226
2,0,84~4,0,84
6,8,72~7,8,72
9,0,3~9,1,3
2,4,34~3,4,34
7,9,307~8,9,307
6,8,5~8,8,5
2,1,35~4,1,35
6,7,194~8,7,194
8,2,63~8,4,63
4,8,44~6,8,44
1,1,121~3,1,121
5,9,160~5,9,162
8,7,21~8,7,22
0,2,127~0,3,127
4,0,254~4,2,254
0,6,99~1,6,99
0,8,298~1,8,298
4,2,266~4,2,267
2,2,103~2,4,103
2,5,294~4,5,294
4,0,51~4,3,51
4,7,299~4,9,299
4,1,305~6,1,305
2,1,225~2,4,225
0,6,212~0,9,212
5,0,326~5,3,326
8,7,296~8,8,296
3,0,49~3,1,49
7,0,119~7,3,119
3,5,165~3,6,165
1,7,144~1,9,144
6,1,1~6,3,1
5,2,310~5,3,310
8,1,216~8,3,216
6,0,297~6,2,297
2,4,41~2,6,41
6,1,39~6,1,41
5,5,104~5,5,106
5,4,59~5,7,59
2,9,256~4,9,256
3,3,172~3,5,172
4,5,310~4,7,310
5,3,21~5,6,21
3,0,202~3,2,202
1,6,165~1,6,167
8,4,306~8,7,306
5,5,6~7,5,6
5,8,20~5,8,22
6,9,223~6,9,226
5,7,104~8,7,104
0,8,185~2,8,185
4,4,74~4,7,74
6,5,288~9,5,288
1,3,249~1,4,249
6,6,181~8,6,181
7,0,260~9,0,260
6,5,286~6,7,286
1,3,174~3,3,174
4,7,163~4,8,163
1,9,80~4,9,80
3,5,257~3,8,257
0,4,89~0,4,91
8,0,108~8,2,108
0,5,77~2,5,77
4,1,249~4,3,249
5,0,83~5,1,83
5,0,279~5,2,279
5,4,279~5,4,282
6,6,200~6,8,200
1,7,92~1,7,93
1,4,315~1,6,315
1,2,17~3,2,17
0,4,294~0,5,294
4,3,114~5,3,114
6,8,19~8,8,19
2,8,46~4,8,46
2,2,166~4,2,166
9,2,103~9,3,103
3,7,312~4,7,312
1,8,94~1,8,95
5,3,256~5,3,256
2,0,301~4,0,301
0,5,317~0,7,317
4,5,140~4,6,140
1,2,120~1,2,121
5,4,78~5,6,78
7,5,255~9,5,255
0,3,124~2,3,124
0,5,62~0,7,62
9,4,292~9,6,292
7,3,12~7,3,15
7,2,116~7,5,116
0,3,78~0,3,80
8,7,173~8,7,173
3,2,181~5,2,181
2,5,27~2,7,27
8,6,170~8,8,170
5,5,255~5,7,255
1,4,74~3,4,74
4,6,121~4,7,121
3,9,68~3,9,69
0,1,116~0,3,116
2,4,337~2,6,337
5,4,136~5,6,136
0,1,15~0,4,15
3,3,244~3,3,245
3,4,130~5,4,130
4,2,233~6,2,233
4,4,244~4,6,244
1,7,158~4,7,158
8,5,253~8,7,253
5,5,138~5,8,138
1,1,236~4,1,236
5,0,23~7,0,23
0,1,77~0,3,77
1,4,55~1,6,55
0,5,103~2,5,103
5,1,213~8,1,213
1,6,191~1,9,191
0,6,261~0,8,261
2,3,148~2,4,148
2,1,208~5,1,208
0,7,91~2,7,91
1,4,204~1,6,204
8,0,313~8,3,313
6,6,310~6,8,310
6,9,9~8,9,9
3,0,10~6,0,10
0,6,216~3,6,216
5,0,165~7,0,165
0,1,119~2,1,119
4,1,293~7,1,293
5,1,194~5,3,194
1,7,327~4,7,327
6,3,5~6,4,5
5,0,80~5,2,80
7,5,303~9,5,303
4,2,84~6,2,84
3,6,41~5,6,41
7,6,216~8,6,216
0,3,152~1,3,152
1,3,145~3,3,145
0,6,105~0,6,108
7,4,302~9,4,302
8,8,294~9,8,294
8,5,63~8,7,63
3,7,309~5,7,309
3,2,169~3,4,169
5,1,276~5,4,276
2,5,133~2,7,133
5,1,56~7,1,56
8,1,109~8,4,109
3,2,257~5,2,257
2,0,213~2,0,217
6,1,147~6,4,147
7,1,177~7,3,177
8,5,205~8,7,205
8,1,317~9,1,317
0,9,7~0,9,7
7,5,119~7,5,121
0,5,196~0,7,196
1,9,176~2,9,176
8,6,255~8,8,255
5,1,2~6,1,2
3,4,7~3,6,7
8,2,39~8,4,39
9,7,319~9,7,321
8,7,96~8,8,96
5,0,295~7,0,295
1,5,266~1,7,266
3,8,19~4,8,19
1,5,164~1,7,164
3,3,104~3,5,104
3,0,89~3,0,90
5,2,65~5,4,65
6,4,8~8,4,8
2,0,222~2,2,222
4,2,318~4,3,318
7,1,155~7,3,155
3,5,202~6,5,202
