5435113354324445355543423523324245133533362334234141663246333323544553332443432533433423343343453463
1233344353772433633431345263345236724342224345344274554423535244944463342134833266322656314543515475
5576745375324233563243233436732333523533636533753554414665233366234224423732347223363713264622236523
5222525121222422563623622342122222236224232431233222533412222434244222222262316223222221232342213323
4435354664423232224355463421531435433224734524344224733444432436344243244533362444545674243542634543
4522223113123312224212222214121243522823123223524255222321162314152221321122221252541223223242221222
7715743377257934377437237862344454824443325453755356866767684636467643544764752724362417343657567342
6523864515231325622456222644174686462454428234444724653576263285224336446352253264246244362929656426
3466625654666454445665346665665566663732483655475855164647326366527566566576544415865645575644536643
1122223224244222152222512545122212231222232225321122221142122212232222972214212121252221221222242212
6534268233326239326648265632335833323223473631923422723291654523333235236322423363342536153322378532
4555732424665482324835745822333631633662252934516556533232242524111354282289422476516222469234477234
5255425253426533545444555452546163525345456341782353554252552254425252815554455314542525554524443323
2222332232222333253221233222422237322333323392322322332432923322222322243222233322142243322343322222
3223324233332323233331332231233432334433324222133313332122242331723132231233223433224333352333331333
2224221562223224212221221222211321422221112422233232122222222422222222211422423222222232232221222224
2121353331232222324224322223222322214432232232425224423312121143432222225225213227244425428223234442
3234233235333632753353333333353443133453342443233344543333423321334414534334533222421213323234333435
2233222122322234444342132337329431322374222124134233214351233243123356375442213234123432433445422447
5657353272375262725544726457535473426755734112433642575265223147226544316261275624736211753727152289
3622453333455615313535433655542422333436542533364235535441325345214445441345553426543422433444525443
4223235316324333322242343433353133233232422632272221443321633233443433346133232424672433343342333343
2633323323234534236333623333231383322237233323613341113123322463235435374462643925254353223449625333
4442214735222532221438725223533336343336321323222434383443322223434327255131333142255253243443232335
5563487886335668666493846844554285575656758566669368646867373678668657565486656866535846283366546865
3228253234225312424353215214532221422322331222412232113232224224222362415222243342343223118433422314
3435363333233337453396343373348343427893363353369344243243325493323333436842339593335318333393552322
3222224452224155723555286536491525222352645618332474753245446634235343235355696244573463247423542633
7343454543352456557554525555524355335555433434445555553754535534456464535654565553345333534455555555
4333133331321433343233254233333333332233315323233343123343435333232434334334233373322334313353323323
2212322122212222122332314123222222122221222224233324212322332412222222522242221422322121222342123322
2721232121354232244426234143554822344132544338463131422132316223221228422243143322122332282222615742
2123226223122322213721223222281212622222365421224133222222224212147729423252222634272233243222224122
8225444321227231186352525234212242556552221443231635325642443523412463536763524265133344424724433342
4333442233124833223436324123232243531342133433224442534433395326333321343432233234133221323434333333
5352445253512235254443446435333455241543543463453243415533345853464462334353543335454274434554245413
4342222333222552432344333226352334325633232224232352515784433423322242855223332546543524165246342232
4223344323422223336343262363372316345322453232533333234334234663643424346423333242415653353424234253
6263428246423623363264635654526226372222142355668223314566214265246312541261245543227662623653454362
2273336331272235254713332422332643342223343333332332122314226323332345323582253242445223323322245231
4322234845232662236324224322182245247244367242522424212234232422723218198225222915521222268564411521
3433253332333532345333323422433233423243313324333631254243244255333253113363285452224245324232232235
1143492333422423336912623553424421324742531223446629632732242332333351329224544322343972221431323364
3342424231333335733152322226323124214225367372627223275332422333413352564363432246323232215433252153
5587829445884636482654145646782533363348738488965858788843452546373544894477994653421555279386445548
2312325132575255433332362232222542242333723534452522572563552254242525534341234533333233334356225351
2331122213133321222223232222322332322312332232222233522271233231332232312222241223333113223222422223
3534325413554232325254512334336633252323573674321152427628233553273152333233122822353523483332725543
2222722322222213322222212222222122221222225222221222113251223212112111122123121222222322232122222242
5652234232663254118444532444552564425764453426742955425324162723845341436551358415354422522433432538
2932122232253211521222132232232122322333232125423231222322332323332232123223322233222222212422332252
7253223242547732357534512342433333233357423332342332433343335343335333343433452143834333361533352444
2222242211224427263221122213221423252222211237422222223824212612224422441633222222223322722312123422
1122242322422227124312493231242262322237183233234627223323235223222232252211432135322322252423222522
5513625653443564554544344548444541545526656445244544545145456455355534545535718246455415357363556546
1222228264622222463264252352326422143123231223143321435422225412221242221322136231143254124622823234
4668655544562525244555555544446946543646543355559525455645534443552558655353454153564261573555554336
2226252126147222222251281225222225225244522425263222212622213313222212132223223423221142432221322231
5332537364333222353314336342213343762334364344343343394342443142523434334612433445942634344332233678
1344233339652845433647536439442146443343744444322363643731834964839444264654262944433343433826243433
2781552142222524723162423423633311152243332625235412335422524232332254233222525211251424311252112165
2333633213542313212234421262313265392221232353422523221333725322252342421521522223433331353155223333
6544843557445454477544654583334434553455434445755275835548425348455674843754457238464753439339545443
2225176232246822422522222662292212683372222835212732945285522562265232933535122252663386222634521223
3648323653333216232535332325333533342283232533322353233227432452713234332339213552328322226323323323
5633646655526971582281363775455439333363266535582936666553663763728566456535855129699264355358363534
4232433332333242293431232133222121322223222132332323222182321222262323223231121322333321233223232222
4344655422352142552342346612445323644352236344423264345233324253246254343342853322643334364544265443
1222222422242421244263322222431244361323314122322332321232332222342282122343124252863343371223323234
2233234232231314332243323331333231661223222322232224323223223312224212643432331222221325212314321223
4585424333435123142334435344324333574424332335462323548645541234334448243435664387123224234252834335
4353263232264352321123922232651211342343131233335433334436323121224122132246123222233533225324441326
2342322432223332233223382322453263222224411331223342323224222123326222632133222212323223343232212231
4434733735542454444153446353344654324426337649333636353744513333334863333275429244556244247635232724
4334741434328231357433211143614362384322446224492442232224342244243713344422143443333243324316234423
2552111222222443333241232223126232322722223251122242211623324431222166622222222237523214222232623282
4444454545455444555446543543474515654454445254425425145346556442233235555453445545434545555435247463
2222222223222232221122222221123215122221222112212212222222123251222222222132222222232212222132232632
5453569247722653252223751462234539228856835215912364562123224222422532666382422243732223234644437564
3513532323323333532325333232332223923634433433333433352343254253332535233334324442333323423233323322
1232226215227211127143232324662232312221153212282442254222135122522221223552211222215262222222643221
3373363325372233496622336333343338425322233643333323333643232932333339326234243733431313333335333233
5262252725375673844565695677452742643652556466757653467842466346476564477365286656766645476936777773
4973939623777674483526515657982389568693527229486547957994869795857776395649577557776894577538959518
4336244332323333333323333343333133432233343362142233432223213333933343234243242333424423234242332343
3444444223424334144244429344324944434344434544354433443442344434343452344445344322344635443444493344
3134521222132222522523312211223521422272411223212322222223243263543224221223252222221432422421443153
6272924132234218127342331776264225555237327229315115823162121273732437124425493327441532325337425174
5444223542325425263316442615743475443122663533254273433623144442223422522424442444624443346522116444
9233225522332222321253326264423823733236476632624235521362112522232342422222123223522375134323227323
7255323516928543264677235524667867238278726776253467657396529967766779551356475764333433375547256665
2525472336544743374233436955267423422865435344464666322481446384332154333423364636534222723428328743
2314335931264432514533231544626253323363453223644332346364434658435335442643732654332327244329373247
3252352322313255332322123222422331355322232322622233333332333234152243332235723329332243121222323234
2272313213422153212211222262222221422423322513322233212313322133223321222114432322422352321231322221
2774253153222333243133353233546433372434253323657733732323333133433252234323335311565654323333333133
2223232131222421229222225423221222254332422222231323234229213122222215342755342337122332332333322225
3573532537264315533523224443354666214638246321444334459334465233632455631725246534552945844826253572
3444756323537363556473235735567622746225263423552566645533552244533564224743536342534664662627337862
1555336343554522213334442333353343759485347445426524533942563425323255845145535354323433263345653453
4461384744645548434423434448454466534444424844494144363466424347478484433781448425434838434423842743
7621285337423873536653937774342223274456333763347273384742335728658544332388467665374434547784345814
5633233233232332334232332333223333332333333332333373333332333323333343322343233442323333335353311332
3231211324231444321523322222322423443224224223221222334222552222522333244422223345352341421222242242
4553354423444151311141144535243411314142443545545252145415445554223341551441145244122143242312336789
5765565899996897799687787574486889887452869954459964296566698748644956887995746559946786584673999966
7946769529775566672759756265976475746769585777765755555579455668646858686768566744675485479575765575
6421524236223452962453524162367626796541132586422323734221212617537753232425315524231322722532765252
2123125234345422522337352225553352523241234312232225221113222251134563333114423454272522245334333342
2241323413334212324373343923342335312122214739252312235313342232231348323233333344333432743445429636
4223233223153822333323322443314762442355223443444233432463323332533422113313524353435427434376312231
4215422122222151725111222211224451212122242252121611223222232225232422222123222222262212224121431221
2413214275164556258388122372217112266222232522222266142222224212111252351223425122224152526223212846
1323636363685335369223652333465762165568722532352251552382145357234293353563233532222433374335623365
3442425244554423133535453555423545252153443442222543544244425546464553532425454515553435454435442453
3745545555562535543645555446454433553535594566525577454634524446475546755553445654554445545555445455
5616268445219212622135525627573525824722682234476427236414263262292667744321525113564225627522762223
3122241222231222332212322242232224123222223212432242112222222212222243212221312222132224132342222224
5235464435334631424362246264134234334673344436523552323544242334322344523343453422365447321473433345
1224224224322222152218122222432132439826224269283291242432225122222271846158526211214228522926362492
4522345233524223213497361443343144233434432233242434967323442443244333637533143434111412453413274443
1334332444354334413433144333313732344432234443345132261223333131324343213234422132233132334333232423
2525527445536165529424545542423125262243442255135552522742443535424521462323442552421334344444155234
2323522233242652331114234233324132172222222232132222243222222332532422332317273323623213434232232223
3484655554943975444624244445443468352345344933455434414648544483446433456463525733546333344446488665
5565562332353673457513264254523646353325333422554652452235525285456236946425443525564653226536425512
8616225642214422558634267662262565424543462453368356272861513564575263632632616422323232661343285438
6333224463434353443335332333433323334333435243243344333331323431436333337323334325232334634234332443
1233222334412421444424144343131231414221443422441221213322143421443143334243421243222223431142256789
2212223525232234223415253222234233363232352331353632533223322333233563333223335332222442131242132173
3816323383284643928733322242344833684774363323343232536384342363537353134331331334352373224323423333
6447955463327313384577448539764343367429555473755247738464358653477334343945547838875456754784823363
5434244323433433434343563364819474374543273633435344824232473244334642337428465423344423353434434432
7442353261225224522233323727572533332445331623222295232752228372231217852632161238231232436342232232
4526223432124145422142222124182121671242223222412363212524223173261245333435214641242663245322223521
4263562733555685663522242313434726124643355533558226544138654644475352425436253456366735666544332657
4341315536331534333454535744123633456334333453636333736334424533343432424333345656476243523443763633
1324343444393434423414443244234444453535444644449544444253433444534446244451456464424434443433363252
2112224231241221222232222222422134222222132122231312132242122221213224222242222222342222232122211528
4385535213555333232225523228265793216328622226632332472262222222512265533322225342324275352223326143
5243532545945342334345364434154433431494628952782552473755525425725244643565443433826551333322254353
4223212323322422243324113232221222223231233112242232321622231332222222222233254422222326224222342232
3332255342242343826166532324242524432445172341231245387335235422322763423221467272263529933268437351
1542466264121455566412665243646411646141116516454156662516544663655241155331421243266641413226665789
5554455445427145865432355555555547145442454345543745554534654333235553533256845325355455535262245524
2354232552352524723356231424552455123563645522461245542424544242444233335463442422432552432454523532
4316625313325234514328252432321244774244214583222554353534735222834347321373732211464264412343722652
2124923223212136421292213223223282224332281722423725222215376282163226251235212313228726112233226922
7437652335153364536533537533545238334435524343424523463631142485285343335238233624733457334345273584
4432228273343343215583433543323212333224236223355337222323333332345234332434333235242435462732332333
7553547893569536378624439279549153554453536866554549468525592874454477737666779494576549796896643415
2124221834224131213222323122212233232172125222323231324222325221422624317561223232422221222232332422
5344434563445335453343447245666334345455593633333359553532842724354855675395434569426346449336343359
7323134454424646623244626222222425623272821225253221462263224424732533741329123223432218165238335233
2333353433134553232323333235213322333435333234332362433311434234333332333363434333333331433633337313
3344332343443435344254248353434433644437346254423333343444234777124334243235241442141441642344443433
4133222221222563554332222274323243563533453254329772432235442432232223331236122512252143332535822253
2122322321123522222329232322232412322222254123232162321222223124451615214232212212324245221222424422
6652684336373647767544333643438577743841633347337636653377258533793368685635326838763284323453332833
2222242223416222242432122322222122223222242121212121223322212222422223442222212214112222242212122322
2332223222822452222442212722232111221224312212212422212231222262534224332122522112111222431252242222
5586633437564634774847177673758536498678467645435726969787134233753534533523834354823836766899569987
3265182213234225423251133242336323233333343443322232323244334213223434233324453333833112222323223322
4311225222222342222212221222122222222114531223251222462222326331221223222222222222535222231221222215
8353353532212327242242223333233633734342332362231221233633312338342222262293134224272363372232425535
6637568865784585854864857854884827877786646684697458554354466886856487448336888567884488456377585735
8764876657764358887668956357793774525775795784756969553336626979755347473689447936775685248575571643
3324222333321123232533222112341324233322325333232124232362222251122123223332125222223333333326112322
5154454432334412668333483246547544634434544444244643134643564443345555542415445424363344454544442444
5529595579554725215997464852546265545525545496757145285786556596357946559343572694858563555726254435
3236113122412222222143211221112261222222272223322242241222223312223322232222321322225232222212212275
2222227231322342222222222221122213222121222242222122222222233112233322212122422221222222221221222322
5545555234513444744563336433465534426473325262565223624554382644444325465643444148645473535674442431
2234333232244344332712342623134322412344224443274524412432411243323131224222343422222333472233432424
4223333224415333332433332333543342632343333333343335424442345321334453232433153323432334332332333343
6364543445435432334632254455423526234534363333535534435335534454593343534443475325454435624238833314
2533344296437155726714623465525736434473253844437436344546323746844152742433564335743236383447552556
4435653443755434445263653255358645637345224332433333544534375353336342534765354445643443454543224153
7343213233483342331333372222333232174436323523432223343342325232383323244321565332143341333323333232
3343341322433346345412332444333332333341633253323532142134423242343433343644337341333253333334331333
4954666664556733566643675747683864546956336546796534255726645435447545665546566525455333537324765633
2561463486484556662526656544762655655734756665375447745726633527236646723726674574373726747516742546
2523232233321432322233232353323343221444346331442232332313214224284223444133631432742312424225444423
1225135534233234226463225963263632342756423233542334357454312452542627472425252374763432465354636447
3659362562686326315225343345488676426546362326734463634384445632725635233726625565443734652757782223
5533153332326424444355455444542424524424333242534263414455242443431442544642543434433353322321433243
5512532522364334355422295343634723372235223144393222652155225337335336323353233373235232533253322724
2223232222211244223222312412233223222231313222241224222142232221322212424223222242322322223322222241
4525848623523725652313133544563445546234954552333457744253585372323765554133679483636944549315344393
3215232333333322114333343334335343253334432434133213223133153222134423223323333532133333623222233323
3835154427421885116485134521856581134543364365776468584466324358784887887164711752653158338583868759
4544417321543442725422244543474244423344345272322237122262441444213354224454162814547423444841431371
3252383844525728554545655333544472757555545565555543542555555345463123455473256426436465512545275964
2277638522444242216243373936387272431444175333323743425266473745412476747122633514112862137734246355
4316444535443343344466624434646444645443464544434467335443435443444334374443244464444433443641443434
2235443543325832223264242433624436343523234643924632439321341235415312231532424232434212532425593132
3221234342643222211233221513434732257113432222322312421234323322321253433334124122444423372322122422
5638224368353237455587341753633943585755645442635743383273437235552587573346531353335563334585357234
9494545546464453366456345474434544756854463344455364335951544545522334434443475832244534923386454453
4212222344622233366212256216226628462122221625532232326322455222225242622256243112325252252221222242
