[.##......] (0,1,3,4,6,7,8) (1,2,3,5,6,8) (0,1) (3,5,6,7) (2,5,7) (1,2,3,4,5,7,8) (7) (0,1,3) (0,3,7) (1,4,6) {36,63,29,56,28,48,43,52,23}
[.##....#] (0,1,2,3,4,5,7) (0,2,3,7) (1,3,5,6) (0,1,2,6) (2,3,5,6,7) (2,4) (0,1,2,3,7) (0,2,3,5,6,7) {171,166,199,75,30,65,170,64}
[.#.#.] (0,2,3,4) (1,3) (0,2) (1,4) {1,27,1,7,20}
[#...#] (1,4) (2,3) (0,2,3) (1,2,3) (0,1,4) {7,22,11,11,15}
[##.#.#.] (1,3,4,6) (4,5) (0,1,3,4) (0,4,6) (1,2,3,4) (1,2,4,5) (0,1,4,5,6) (0,3) (0,2,4,5) {46,44,15,39,72,45,31}
[.##.] (1,3) (1) (0,3) (0,1,3) (1,2,3) (3) {23,40,20,64}
[...#] (0,2) (0,1,2) (3) (2,3) (1,2) {27,177,206,19}
[.###.] (2,3,4) (0,3,4) (0,4) (3) (0,2,3) (0,1,3) {24,3,19,41,20}
[##.#] (0,1,3) (0,1,2) (2,3) {19,19,14,31}
[#..#] (0,3) (1,2,3) (0,1,3) {139,13,6,145}
[.#..##] (0,2,3) (1,4) (1,2,4) (5) (0,1,2,4,5) (4,5) (2) (2,3) {34,30,58,25,36,30}
[##..#] (0,2,3) (2) (0,1,2,4) {25,5,45,20,5}
[..#..] (0,3) (0,1) (3) (1,2,4) (0,2) (0,2,4) (1,2,3,4) {35,10,22,23,20}
[#.#..###..] (3) (3,5,6) (0,1,2,3,4,9) (0,4,5,6) (5,6) (0,1,2,3,5,6,7,9) (1,2,3,4,5,7,8,9) (1,2,3,6,7,8,9) (9) (0,6) (2,3,4,5,6,7,9) (1,2,3,4,5,6,9) (8) {28,40,43,64,44,35,39,5,21,58}
[.....#.#.] (3,4) (1,4) (0,2,3,5,6,8) (1,4,5,7) (0,3,4,6,7,8) (0,1,2,3,5,8) (2,4,5) (2,5) (2,3,5,8) (6) {24,29,22,43,58,28,19,16,24}
[#.#.] (0,2) (1,3) {3,14,3,14}
[#.#...] (1) (0,2,3,4) (1,2,3,5) (3,4) (0,2) (3) (0,1,2,3,5) {31,28,36,57,23,17}
[#.#...#] (0,2,4,5) (0,1,2,3,4,6) (0,6) (2,3,4,5,6) (0,2,6) (0,3,4,6) {42,11,33,34,42,21,47}
[.###...#.#] (1,2,3,4,5,7,8) (0,1,2,4,5,6,7,9) (3,5) (0,1,2,3,4,6,7,8,9) (1,2,9) (0,1,2,4,6,7,9) (7) (0,2,3,4,5,6,8,9) {59,58,77,52,67,61,59,60,34,69}
[##......#.] (1,3,5,6,7,8) (1,2,6,7) (0,6) (0,3,4,5,6,8) (4,9) (0,1,2,3,4,5,6,7,8) (0,3,4,6,8,9) (1,4,6,7) (0,4) (1,2,4,5,8) (1,2,5) {38,41,30,18,50,30,44,27,31,4}
[.####.#.] (0,4,6,7) (1,2,3) (1,2,3,4,6) (1,5,7) (4,5) (0,1,2,4,5,6) {21,165,163,162,40,4,39,22}
[.###] (0,3) (1,2) (0,1) (2) {5,5,1,1}
[...#.#..#] (0,3,4,5,6,7,8) (1,4,6,8) (1,6) (1,2,3,4,5,6,8) (1,2,3,4,5,7,8) (2,3,4,5,8) (0,1,3,7) (0,1,4,5,6) {27,78,35,46,74,54,64,20,58}
[####..#] (2,4) (3,4,5,6) (2,3,5,6) (0,1,3) (1,2,4,5,6) (0,1,3,5) (0,2,5,6) (1,2,3,4) {33,56,57,48,53,46,36}
[.##.#] (0,2,3) (0,3,4) (0,1,2,3) (2,4) (0,1) {132,20,31,121,118}
[#.#.#.#..#] (1,2) (5,7,8) (0,2,3,5,9) (3,4,5,7,8) (1,2,3,7,9) (0,2,9) (2,4,5) (0,2,3,4,5,6,7,9) (0,1,4,6,7,8,9) (1,3,4,6) (0,1,2,4,5,7,8,9) (0,2,3,4,6,7,9) {185,26,193,179,185,183,154,188,37,194}
[...#..] (2,3,4,5) (2,3) (0,1,3,4) (1,2,5) (5) (0,1) {23,42,42,29,15,33}
[...#.#] (2,5) (0,1) (0,3,4) (3,5) (4) (1,4) (0,1,2,3) (0,1,2,5) {43,48,41,28,198,42}
[#####.#] (0,1,6) (0,3,4,5,6) (0,1,5) (1,4,6) (0,2,4,5) (0,1,2,3) (1,2,3,6) (0,1,4,5,6) (0,2,3,4) {96,62,44,46,75,71,60}
[.#..###..] (0,2,3,5,8) (2,3,5,6) (6,7) (0,3,4,8) (1,2,3,4,8) (4,5,8) (1,2,4,5,6,7,8) (2,3,4,5,6,7,8) (1,2,4,5,8) (0,6) (0,2,7) {41,46,237,193,211,214,195,187,219}
[#..#.##.#.] (5,6) (8) (1,3) (0,1,3,5,6,8,9) (6,9) (0,2,4,5,6,7,8,9) (1,2,3,6,8) (2,3,4,5,6,8,9) (1,2,4,5,7) {21,47,49,49,42,64,61,24,56,45}
[#.##....#] (0,1,4,5,6) (0,2,4,5,6) (1,2,3,4,5,6) (0,1,2,5,7,8) (3,6,7) (0,2,4,5) (1,3,5,6,7,8) (0,4,6,7) (2,4,8) (2,5,6,7,8) {37,37,58,24,51,69,68,43,51}
[##..] (1,2) (3) (1,3) (0,3) (0,2,3) (0,1) {140,133,7,34}
[.#..#] (1,2,4) (3,4) (2,3,4) (0,4) {20,19,25,11,50}
[##..####.] (0,2,6,8) (1,2,3,5,6,7) (4,6,7,8) (0,2,3,4,5,6,7,8) (2,4,6,8) (1,2,3,4,5,6,7,8) (3,8) (5) (0,1,6,8) (2,4,7,8) {15,25,37,25,48,22,58,43,63}
[.#.#####] (0,1,3,4,6) (2,3,5,6,7) (0,5,6,7) (4,7) (0,2,3,4,6,7) (0,1,2,3,5,6,7) (0,1,5) (0,2,6,7) {48,36,47,56,33,43,60,61}
[##..#.#] (0,1,2,4,6) (2,6) (2,4,6) (0,1,5) (1,3,4,5) (0,2,3,4,6) (1,3,4,5,6) (2,3,5) (3,4) {44,46,150,42,44,44,151}
[##.#.] (1,3,4) (0,2,4) (0,2,3) (0,1,4) (0,1,3) (1,3) {41,36,30,44,33}
[..##.#....] (0,1,2,4,5,7,8,9) (0,3,4,8) (0,1,2,3,4,5,8,9) (2,7,8,9) (0,1,2,3,5,8,9) (0,2,4,5,7,8,9) (3,4,8) (0,1,2,3,5,6) (1,6) (0,1,3,4,9) (0,2,4,7) {265,241,259,62,261,233,13,231,262,264}
[#.....#.] (3,4,5,7) (2,4,6,7) (0,1,4,5,6,7) (1,5,6) (4,6) (0,5,7) (0,3) (1,3,5,7) (0,3,4,5,6,7) {59,31,5,34,49,65,68,51}
[##.#] (0,1) (0,1,3) (1,2) (1,3) {28,52,16,20}
[.#.#] (0,3) (3) (2,3) (0,1) (1,2,3) (2) {16,25,49,48}
[.#......#] (0,3,4,5,6,7,8) (2,4,5) (0,1,2,4,6,7,8) (0,2,3,4,5,6,8) (1,2,4,8) (3) (0,1,5) (0,1,2,5,6,7) (3,5,6) (1,8) {49,64,37,31,34,51,39,29,43}
[..#.#..] (2,4) (2,5,6) (4,5,6) (2,3,4,6) (0,1,3,4,5,6) (0,3,4) (1,2,4,5,6) (0,2,3,4) (0,2,3,4,5,6) {34,7,54,50,73,26,42}
[#...#] (1,2,3,4) (0,1,3) (0,1,2,3) {35,43,25,43,8}
[..#.#..#..] (0,2,4,6) (2,4) (5,6,7,9) (0,1,2,3,4,6,7,8) (1,2,3,8,9) (0,1,4,5,6,8,9) (3,4,7,9) (0,2,5,7,8,9) (3,4,5,6,7,8) (2,3,5,6,7,8,9) (1,2,3,4,5,6,7,9) (4,9) {46,48,71,47,69,77,71,62,66,95}
[.#.#.###.] (0,6) (0,2) (5,8) (4,7,8) (1,2,3,5,8) (0,2,7) (1,3,5,6,7) {41,28,44,28,5,48,25,20,45}
[#.###.##] (1,2,3,5,6,7) (2,4,6,7) (5,6,7) (0,1,2,4,5,6) (0,2,3,4,6,7) (3,4,5,6) (1,2,3,4) {12,28,55,47,62,27,54,38}
[...#.#####] (0,4,5) (0,1,8,9) (6,8,9) (0,1,3,4,5,6,7,8) (0,3,7) (0,5,7) (3) (4,6,9) (5,7) (1,2,5,9) (0,1,2,5,6,7,8,9) (3,4,5,6,8) (0,1,2,3,4,5,6,7,8) {43,42,29,38,32,67,33,46,36,30}
[..#.#####] (2,3,5,6,7) (3,7) (0,5,7,8) (0,1,2,4,5,6,7) (0,1,3,4,5,6,7,8) (0,1,2,3,4,5,7,8) (0,2,3,4,5,6,7) {58,23,30,51,38,59,30,76,38}
[.##.....#.] (0,3,5) (3,6) (1,3,4,5,6,7,9) (0,1,2,3,4,6,7,8) (0,2,4,5,6,7,8) (0,2,4,5,7,8) (1,2,3,5,6,7,9) (0,3,9) (0,5,6) (0,1,2,3,6,8,9) {81,59,50,114,49,58,87,57,42,61}
[##....] (0,1,2,3,5) (0,1,2,4) (2,4) (1,3) (0,1,3) {26,42,18,40,7,11}
[.##.#...#.] (4,5,9) (0,1,4,7,8) (3,5,9) (0,9) (5,6) (0,1,2,4,5,7,8,9) (3,5) (1,2,6,9) (1,3,4,5,6,8,9) {29,48,23,23,46,51,30,25,30,62}
[.#..#.#] (2,6) (2,3,5,6) (0,1,2,3,4,5) (0,1,6) (0,5) (0,3,4,5,6) (1,3,4) {48,51,46,56,47,41,56}
[.#..#] (0,4) (1,3,4) (0,2,3,4) (1,4) (0,2,4) (2,3,4) (0,2,3) {39,20,30,33,45}
[#.##.] (2,4) (1,2,4) (0,2,3) {111,5,134,111,23}
[.##.] (0,1,2) (1,2) (0,1,3) {11,14,13,1}
[..#.#.] (0,4) (0,2,5) (1,3) (0,1,3,4,5) (0,1,2,3,4) {61,36,39,36,41,22}
[.##.] (0,1,2) (0) (2) (0,2) (2,3) (3) {32,15,160,136}
[##.###] (1,3) (0,4,5) (1,2,4) (1,2) (2) (0,2,3,4) (0,1,3,5) {23,37,41,11,36,19}
[.##.] (2,3) (0,1,3) (0,2,3) (0,1) {9,3,14,16}
[...##.####] (0,1,3,5,6) (2,6,7,8) (1,2,4,5,6,7,8,9) (0,1,5,7,8,9) (0,3,4,7,8,9) (1,4,8) (0,2,3,6,7,9) (1,4,5,7,8,9) (0,2,5,8) (1,6,8,9) (0,1,2,4,6,7) (0,1,2,3,4,5,6,7) {72,112,79,37,80,63,96,108,88,75}
[#.##..#] (0,3) (0,6) (2,4,5) (0,3,4,5,6) (0,2,4,5,6) (2,4) (0,4) (0,1,2,3,4,5) {36,10,20,24,29,22,9}
[..##.###.#] (5,6,7,8) (1,4,7) (0,5,9) (7,9) (1,2,3,4,5,6,7,8,9) (1,2,3,6,8) (3,7,8) (4,6,9) (1,2,3,6,9) {11,26,21,23,37,27,43,27,19,54}
[...####..#] (1,2,5,7,8) (0,2,6,7) (1,2,8,9) (0,1,3,4,5,9) (0,2,4,5,6,7,8) (7) (1,4,7) (1,2,3,5,7,8) (0) (1,6,9) (1,2,3,4,5,6,7,8) (0,4,5,7,8,9) (0,1,3,4,5,6) {49,58,68,37,50,67,60,92,62,24}
[#####..#] (0,3,7) (0,1,2,3,4,5,7) (0,2,3,4,6) (0,2,4,5) (0,4) (1,2,4,5,6,7) (0,1,3,5,6) (0,2,5,6,7) {82,36,60,55,63,53,47,52}
[##.###..#] (2,4,8) (2,3) (0,4,5,8) (0,1,2,3,5) (1,2,4,7) (6,7,8) (0,2,4,6,8) (0,1,2,4,5,6,8) (0,1,3,4,5,6,7) (0,3,7,8) {55,42,60,14,66,35,50,40,64}
[###..#####] (1,2,4,5,6,7,8) (0,1,2,5,6,7,8,9) (2,4) (0,4,6,8) (2,3,4,6,9) (1,3,4,5,6,7,8,9) (0,1,2,3,6,7,9) (2,4,5,6,7) {23,34,192,173,193,28,192,41,26,178}
[.#..#] (1,4) (2,3) (0) (1) (1,2,3) {14,42,18,18,12}
[.##..] (0,3,4) (0,2) (1,3,4) (1,3) (1,4) (0,1,2,3) (1,2,3,4) {29,44,36,45,47}
[#....#..##] (3,5,9) (2,3) (1,2,3,4,5,7,8,9) (4,5,6) (0,1,2,4,6,8,9) (0,1,2,3,4,7,9) (3,6) (0,1,2,3,4,8) {28,44,64,76,146,135,137,17,43,54}
[..###.#..] (0,2,5,7) (0,1,3,5,6) (4) (1,8) (0,1,4,6,7,8) (0,2,3,6) (0,1,2,6,7,8) (0,1,2,5,6,7) (1,5,7,8) {36,67,25,6,25,27,31,48,63}
[##.....] (1,3,5,6) (0,3) (0,5) (3,4) (1,2) (0,2,3,4,6) (0,1,5,6) (1,2,3,6) {13,19,21,39,18,1,16}
[##.####] (0,1,5,6) (0,2,4) (1,3,6) (0,1,2,3,5,6) (1,2,3,4,6) {222,226,215,209,30,202,226}
[.##.#] (3,4) (2,4) (1,2,3,4) (0,2,4) (0,2) {35,12,60,17,50}
[...#..#] (2,3) (0,2,3,5,6) (1,2,4,5,6) (1,4,5) (2,3,4,5) (1,3) {18,204,46,33,202,220,38}
[..##.#.#.#] (1,3,4,6,8) (2,5,7,9) (5,8) (2,4,5,7,8) (1,2,3,4,5,6,7) (0,1,3,4,5,6,7,8,9) (1,5,6) (0,1,8,9) (2,5,6,7,9) {9,42,53,34,44,54,48,54,33,33}
[###..##.] (2,6) (0,1,3,4) (0,1,2,3,4,5,6) (3,4) (2,4,5,6,7) (1,2,4,6) (5,7) (0,1,3) {4,9,19,9,16,14,19,14}
[#.#######.] (2,8,9) (0,5,6) (8) (1,2,4,6,7,8,9) (2,3,4,6,9) (0,1,2,4,6,8) (0,2,3,4,9) (0,1,2,3,5,7,8,9) (0,1,5,6,7,8) (1,3,5,7,8) (0,2,3,6) {35,15,60,42,39,4,31,9,30,44}
[.##..##..] (0,5,6) (1,3,4) (0,1,3,5) (3,5,6,7) (0,1,5,7) (3,4,5,7,8) (1,2,5,6,8) (0,1,2,3,7) (0,2,3) {44,43,22,70,34,68,36,57,25}
[.#...] (2) (1,2,3) (0,1) (3,4) (0,3,4) (1) {1,11,7,25,18}
[..##] (0,3) (1,2,3) (0,2) (0) (1,3) {24,10,8,16}
[.##.] (1,2,3) (1,3) (0,3) (0,1,2) (0) {44,28,16,40}
[..#......] (1,3,4,5,6,7,8) (0,2,3,4,6,7,8) (0,1,5,6,8) (2,3,4,8) (0,1,2,5,6,8) (5,6) (3,4,6,8) (0,1,2,3,4,5,8) (0,2,3,6,8) (0,7) {51,42,37,24,16,52,64,5,63}
[#.#.#] (1,2) (1,3) (0,1,2) (3) (1,4) {16,41,25,20,5}
[.########.] (0,1,3,9) (0,1,2,7) (0,1,2,3,4,6,7,9) (0,2,3,4,5,8,9) (2,7) (0,1,2,3,6,8) (0,1,2,3,4,5,8,9) (0,1,2,5,7) (0,1,3,4,5,6) (1,2,4,5,6,9) (2,4) {79,87,96,54,60,50,48,42,26,44}
[#.#.] (0,3) (1,2,3) (2,3) (2) {11,18,47,48}
[#...] (1,2) (1,3) (2) (0,2,3) (0,3) (0,1,2) {36,27,39,36}
[###.#.#.##] (0,1,2,4,6,8,9) (1,2,3,4,5,6,7,8,9) (0,1,3,5,6,8) (0,1,2,3,4,5,7) (0,1,2,3,4,6,7,8,9) (1,2,3,4,5,6,8) (0,1,2,5,6) (6,7,9) (4,5) (0,1,3,4,5,6,7,8,9) {71,81,42,58,57,91,252,217,54,213}
[#.#####.] (0,2,3,4,5,7) (0,2,3,4,5,6) (3,5,6,7) (2,4,5) (2,3) (1,7) (0,2,3,4,5,6,7) {44,19,64,59,54,59,30,51}
[###..] (0,2,4) (0,1,2,3) (1,4) {25,135,25,13,134}
[#..###.#..] (3,4,6) (2,5,9) (8) (0,3,4,5,6,7,8) (0,1,2,4,6,8) (0,2,8) (0,2,3,5,6,7) (1,2,5,7,8) (2,3,4,5,6,7,8,9) (0,5,6,7,8) (1,2,3,4,5,6,7) (1,3,4,5,7,9) {20,27,175,49,47,190,41,40,39,171}
[..#..##..] (0,3,4,5,6,8) (4,5,6,8) (3,6,8) (5,8) (0,1,2,4,5,6,8) (0,1,2,7) (0,2,3,4,7,8) {39,19,28,28,47,40,46,9,57}
[#####] (0,1,3) (0) (0,1,2,3) (2,4) (3,4) (2) (0,1,3,4) {247,47,35,62,32}
[..##..##] (0,1,3,4,5,6) (0,3,6) (2,5,6) (1,2,4) (1,2,3,4,5,7) (0,2,3,4,6) {21,19,30,23,25,27,36,2}
[#...#.####] (1,2,3,7,8,9) (2,4,6,7,8) (0,1,2,3,4,7,8,9) (0,1,5,7,9) (0) (2,9) (1,2,5,8) (0,3,4,6,8) (0,1,2,3,5,6,7,9) (4,7) {56,47,58,52,41,25,32,47,53,47}
[#...##] (1,2,4,5) (1,2,4) (1,2,3,5) (0,4) {1,21,21,14,8,16}
[...#] (0,2) (1,2) (1,3) (0,1,2) (3) {21,19,33,19}
[.#.#..] (2,5) (0,2,3,5) (1,2,3,5) (3,4,5) (0,1,4,5) {13,14,40,27,6,46}
[#.#.#.###] (0,3,4,7) (2,3,5,7,8) (0,1,3,7,8) (0,5,7) (2) (2,5,6,7,8) (0,1,4,7) (3,4) {29,11,180,33,22,44,17,60,35}
[##.######] (0,1,3,4,5,6,7,8) (0,3) (1,2,3,4,5,6,8) (0,3,5,6,7) (0,2,3,4,5,6,7) (0,1,2,4,5,7) (2,3,4) {58,27,40,56,46,50,37,42,14}
[.#...] (0,1,3) (1) (0,4) (0,2,3) (1,2) (0,1,2) {13,33,18,9,3}
[.#..###] (2,5,6) (0,1,2,3,4,5) (0,2,3,5,6) (1,4,5,6) (1,2,4,6) {19,33,40,19,33,25,31}
[.#..#####.] (1,4,5,6,7,8) (1,3,5,9) (0,1,2,3,6,7,8,9) (2,5,6) (0,1,2,3,6,8) (3,7,9) (2,4,6,8,9) (1,3,6,7,8) {26,75,40,62,27,39,75,57,69,44}
[##.#..] (2,3,4,5) (1,2,3) (3,4) (1,3) (0,5) {176,21,36,47,26,195}
[##...#] (0,1,2,4,5) (1,4) (0,2,3,5) (0,1,2,3) (1,3,4,5) (0,3,4,5) {31,34,25,36,31,27}
[#..##.#] (0,1,3,5,6) (1,2,5,6) (1,3,4,5,6) (0,1,2,3,4,5) (0,1,3,5) {27,56,30,45,37,56,30}
[.##...##] (1,3,4,5,6,7) (1,2,6,7) (0,3,6,7) (0,4,5,6) (1,3,4,6,7) (1,2,5,6) {35,225,212,29,32,37,260,224}
[...##.#.] (3,4,6) (3,4,5,6) (1,2,4,6) (0,1,2,7) (0,1,3,4,6,7) (0,1,3,6) {31,43,20,54,54,12,66,19}
[....#.#..#] (4,7,9) (2,8) (0,2,3,4,6,7,9) (4,5,6,7,8,9) (0,1,2,3,4,5,8) (0,1,2,3,5,7,9) (2,6,8,9) (2,3,4,8) (1,8) (0,1,2,4,5,6,7,8) {7,20,36,14,34,15,33,23,60,34}
[#.##...] (1,4) (0,1,3,4,6) (0,4) (3,4,6) (1,2,4,6) (1,2,6) (0,5) {46,39,13,15,56,19,28}
[#.#.##.] (5,6) (4,6) (0,2,3,4,5,6) (4,5) (0,1,5) (0,1,2,4,6) (2,3,5) (1,2,3) (1,5,6) {32,40,29,14,39,61,55}
[####..#..] (4,8) (1) (6,7) (0,2,5,6,7,8) (0,1,2,4,6,8) (1,2,8) (0,1,3,5,7) (0,1,2,4) (0,4,5,7,8) (2,3,5,6) (0,5) {61,56,61,33,31,64,38,32,49}
[###.] (1,2,3) (0,1,3) (1,3) (0,2,3) (0,3) (0,2) {69,20,34,51}
[..#...] (1,2) (5) (1,2,3,5) (0,2,4,5) (0,1,2,4) (0,3,5) (2) {38,40,55,27,22,45}
[#.#.#..] (1,2,3,4,6) (0,1,4,5,6) (0,1,2,4,5) (2,4,5) (2,3) (3,4,6) (2,3,4,5) (0,1,2,3,4,5) (5,6) {19,24,49,36,44,37,22}
[..###..] (1,3,6) (0,4,5) (4,5,6) (0,3,5,6) (0,4,6) (0,2,4) (1,2,3,4,5,6) {42,36,25,53,49,43,75}
[.#####.] (1,2,4,6) (0,1,2,3,6) (0,2,3,4,5) (0,4,5,6) (1,3,4,6) {27,26,20,22,41,21,42}
[#######.##] (4,6) (1,3,4) (0,3,4,5,8,9) (1,2,4,5,6,7) (2,3,4,6,7,8,9) (4,8) (0) (0,1,2,3,4,5,9) (0,2,3,4,5,8) (0,1,3,4,5,6,7,8,9) (0,1,4,5,6) {60,40,41,48,86,67,43,19,41,28}
[..#..#..] (1,2,4,5,6) (6) (0,3) (0,3,4,7) (0,2,4,5,6,7) (1,7) (0,1,2,4,5,6) {31,17,23,13,33,23,32,20}
[.##..#] (1,2,4,5) (1,2) (2,3,4,5) (1,4) (0,3) (5) {20,29,17,26,33,18}
[.##.#.#] (1,2,4,6) (0,1,3,4) (0,6) (0,1,2,3,5) (1,4,5,6) (0,2,3,6) (1,3) (2,4,5) {36,47,49,42,35,36,30}
[.##..##.#] (2,6) (0,3,4,5,6,8) (0,1,4) (3) (0,4,6,8) (1,8) (0,2,4,5,6) (2,3,4,5,6,8) (1,4) (4,5,8) (0,3,6,7,8) {36,46,18,30,64,23,37,0,49}
[......##] (0,1,2,4,5,7) (2,3,7) (1,3,4,5,6,7) (2,3,4,7) (5,7) (1,4,7) (0,7) (0,1,4,7) {30,37,14,8,39,21,4,55}
[.#..###.] (1) (4,6) (0,1,2,3,4,7) (0,1,4,7) (2,3,7) (0,1,5,7) (1,4,5) (0,3,5,6,7) (0,2,6,7) (0,1,2,3,5) {47,38,32,16,26,22,39,44}
[##..] (0,2) (0,1,3) (1,2) {28,38,26,20}
[#..###.] (0,1,2,3,5) (2,3,6) (0,3,4,6) (0,2,4,6) (0,1,6) (5,6) {43,20,39,44,23,19,53}
[.#.##...] (0,4) (0,2,3,4,5,7) (1,3,4) (1,2,3,5,6,7) (0,1,3,4,7) (1,2,4,5,6,7) (3,4,6) (1,2,5,6) (1,3,6,7) (1,2,3,5) {22,81,47,79,52,47,66,50}
[####] (0,1,2,3) (1,3) {12,15,12,15}
[##..##.#] (0,1,2,3,5,6) (1,2,3,4,6,7) (1,2,6) (1,4,5,7) (2,5) (2,4) (0,2,3) (0,1,2,3,4) (6) (6,7) {22,62,78,42,51,26,52,27}
[##..#.###] (3,4,5,6,8) (1,5,7) (0,3,4,5,6,7,8) (0,1,3,5,7) (0,1,2,3,5,6,8) (2,3,4,5,7) (0,1,2,3,5,6,7,8) {45,42,41,73,46,88,51,58,51}
[###.] (1,2,3) (0,1,2) {11,29,29,18}
[#..##.] (0,2,5) (1,4) (1,2,4) (1,2,4,5) (4,5) (1,3) (3,5) (0,1,5) {29,35,30,25,24,59}
[##...#] (2) (1,4,5) (0,2,3,5) (0,1,4) (0,1,2,3,5) {33,31,39,25,25,42}
[###.] (0,3) (3) (0,2) (0,1) (1,3) {17,17,7,18}
[..##..#.] (0,6) (0,2,3,4,5,7) (0,2,3,5,6) (0,4,5) (0,1,2,3,4) (0,1,2,3,6) (5) (3,5) (0,7) {72,23,42,43,38,45,27,8}
[..###.#.#] (0,1,2,3,4,5,6,8) (1,2,7,8) (3,4,6,7) (0,2,4,5,6,7) (0,1,2,4,5,6,7) (2,3,4,6,7,8) (0,1,4) {29,36,52,175,200,19,190,206,37}
[.#.###] (0,4) (0,1,3,5) (2,3) (0,1,3) {31,26,5,31,5,7}
[#.##] (0,1) (1,3) (1,2) (0,2) (0,1,3) (2,3) {35,37,27,16}
[.....###.] (4,5,6) (0,2,6) (0,2,3,4,6,7,8) (0,2,3,4,7,8) (1,6,8) (0,2,5,6,7) (4,6,7) (0,5,6,7) (3,4) (3,7) (1,2,3,5,6,7,8) {62,9,54,42,56,36,85,68,34}
[#....##] (4) (1,2,3,4) (0,1,3,4,5,6) (0,3,4,5) (0,5,6) (2,3,4) (0,1,4,5,6) (3) (0,1,2,4,6) {53,26,21,65,64,44,33}
[..###] (0,1,3) (2,3,4) (0,2,4) (0,1,2) {53,38,39,22,19}
[###...##..] (3,5,7,8,9) (8,9) (3,4,6,8,9) (0,3,7,9) (2,4) (1) (0,1,2,4,6,7,8,9) (0,1,2,6,7) (1,3,4,5,6,8,9) (1,2,4,5,7,9) (0,1,3,4,5,8,9) (2,4,5,7) (1,5,6,9) {34,63,41,50,64,53,33,64,52,88}
[##.##..#.#] (4,6) (2,9) (0,1,2,3,4,5,7,8) (0,1,4,5,6,7) (0,1) (0,1,3,4,5,6,7,8) (2,6,9) (3,4,5,7,8,9) (0,2,3,8) (0,1,2,3,4,6,7) (2,7,9) (0,1,3,6,7,8) (2) {84,67,61,63,75,47,73,79,54,34}
[.#.#..#...] (0,2,3,4,5,6,8,9) (1,2,3,4,6,9) (0,2,3,6,7,8) (0,1,3,6,7,8) (0,2,4,5,9) (1,3,5,6,9) (0,1,3,6,8,9) (1,2,6,7,8) (0,1,4,5,6,7,8) (4,6,7) (4,9) (0,1,2,3,4) {61,72,50,71,51,31,90,44,70,61}
[#.#.#.] (1,3,4) (2,5) (0,1,2,4) (5) (0,1,3,4) (0,1,2,4,5) (2,4) {36,50,34,34,58,140}
[.#.....#.] (4,5,6,7) (5) (0,1,4,5,6,8) (1,2,3,4,6,7,8) (0,2,6,7) (4,7) (1,6,7) (0,1,3,4,5,8) (1,7) {31,43,34,20,56,30,58,71,31}
[####.#.] (4,6) (0,1,2,3,4,5,6) (1,2,6) (2,3,4,5) (0,1,2,3,5) {28,48,54,34,26,34,40}
[...#.#...] (1,8) (0,2,4,5,6,8) (1,3,5,8) (0,2,4,5,7) (0,1,3,4,8) (0,3,5,6,7,8) (0,7,8) (0,6,7,8) {69,38,25,31,30,51,36,58,83}
[.#...###.] (2,3,7) (0,3,4,5,8) (1,2,5) (1,2,3,4,5,7,8) (1,3,4,5,6,7,8) (0,1,2,3,4,5,6,7) (0,1,4,8) (2,3,6,7,8) {36,45,56,58,46,46,19,45,42}
[##.#####] (0,1,2,3,5) (0,1,3,4,7) (1,3,4,5,6,7) (4,5,6) (2,3,6) (2,3,4,5,6,7) (1,4,5) (0,2,3,4,5,6,7) (2,7) {48,181,46,185,198,203,169,172}
[#.#####.#] (2,4,5,6,7,8) (0,2,5) (1,3,4,6,7) (0,1,2,3,5,6,7,8) (0,2,3,4,5,6,8) (1,4,5,6,7,8) (0,1,2,7) (3,8) (0,2,5,6,8) {60,229,73,56,213,231,240,242,234}
[.....#] (0,2,4) (1,2,3,4) (2) (0,1,2,4) (1,2,4,5) (5) (0,2,3,4,5) (3,4) {25,26,71,32,67,28}
[.#.##.####] (0,2,3,4,6,7,8,9) (5,6,7,8) (1,2,3,4,6,7,9) (0,3,7,8,9) (0,2,3,5,7,9) (2,4,7) (0,1,2,3,4,6,7,9) (0,1,3,6,7) (0,3,8) (2,3,6,9) {65,49,53,83,40,22,67,88,32,53}
[.###.] (0,2,3,4) (1,4) (2,3,4) {20,12,22,22,34}
[..#..#] (0,1,2) (0,1,3,4,5) (0,1,2,5) (0,4) (1,3,5) (2,3,4,5) (0,1) {45,50,19,23,18,23}
[.##.##...] (3,7) (0,1,2,3,5,6,7) (1,2,3,4,6,8) (1,2,5,8) (1,3) (0,1,2,5,6,7) (0,1,2,3,4,5,6,8) (0,3,5,7,8) (0,4,5,8) (4,7) {217,237,232,233,38,236,213,202,64}
[###..#.] (0,3,4) (0,1,2,3,4,6) (3,4,5,6) (0,1,3,6) (0,1,5) (0,2,4) (3,4) {61,46,20,73,66,39,47}
[#.#.#...] (0,1,2) (0,1,3,4,5,7) (2,3) (0,2,5,7) (3,4,5,6) (0,1,2,3,6) (2,4,5,6,7) {16,15,163,38,138,139,153,132}
[#.###.] (1,3) (1,3,5) (5) (0,1,5) (0,2,3,4,5) (2,4,5) (2,3,5) (0,1) {23,19,34,32,26,47}
[..####.] (3,4,6) (2,3,4,5) (0,3,5) (3,5) (1,2,4,5) (1,3,4,5) (3,4) (0,6) {18,8,26,63,63,34,32}
[..##.#] (1,2,4) (0,1,2,5) (2,3,5) (0,1,2,4,5) {152,172,184,12,28,164}
[.##....#] (1,2,4,5,6) (1,2,4) (0,1,2,3,5,6,7) (0,1,2,3,4,5) (3,5,6) (0,1,6) (3,5,7) (0,3) (1,2,4,5) {42,68,53,45,35,69,49,28}
[..#.##] (2,4,5) (0,1,4) (1,4,5) (3,5) (1,2,3,4,5) (0,1,3,4) {29,200,26,46,209,199}
[#.#.] (0,2) (1,3) {11,6,11,6}
[.##......#] (1,3,4,6,8,9) (1,2,9) (0,1,3,4,7,8) (2,4,5,6,7,8,9) (0,1,2,3,4,7,8,9) (0,4,9) (6,7,8) (0,1,2,3,5,6,8,9) (0,2,3,5) {74,67,166,73,187,143,149,152,180,189}
[##.####..] (2,4,5,7,8) (5,7) (0,1,3) (0,1,2,3,4,5,6,7) (1,2,4,5,7,8) (0,1,3,4,5,6) (0,1,2) (0,2,5,6,7,8) {54,58,56,44,63,68,40,51,33}
[..#..] (0,1,3) (2,3,4) (1,2) (3,4) (0,4) (1,2,3,4) {21,32,27,29,22}
[#..####] (0,3,5,6) (2,3,5) (1,3,4) (1,2,4) (0,4,5) (2,3,4,5) {9,24,14,28,34,18,0}
[..#.#...#] (0,2,5) (1,3,6) (3,4) (1,2,7) (1,2,3,4,5) (0,2,4,7,8) (4,6) (0,3,4,5,6,7,8) (0,2,3,5,7,8) {41,32,60,52,58,50,26,32,26}
[.##.##.#] (0,3,4,7) (0,7) (1,2,3,4,6) (2,6) (1,2,3,4) (0,1,2,5,6,7) (1,3,5,7) (0,2,3,6) {36,7,10,21,14,5,10,37}
[#####.#.] (0,1,2,3,4,5) (1,2,6) (0,1,2,3,5,7) (3,7) (0,1,2,7) (5,6) (6) (0,3,6) (1,2,4) (0,5) {219,62,62,53,18,203,35,34}
[#.###] (0) (0,1,2,4) (0,2) (1,2,4) (0,3) (0,1,3) (3,4) {200,188,30,185,17}
[#..#..] (1,4) (0,3) (0,2,3,4) (0,2,4) (1,4,5) (0,5) {34,20,21,9,41,19}
[#.#..] (2,4) (3) (0,1,4) (1,2,4) {8,10,12,4,20}
[...#####.] (1,4,5,6,7,8) (1,4) (0,1,2,3,6,7,8) (2,5,6) (0,3,4,5,7,8) (1,2,3,5,7,8) (0,1,2,4) (1,4,8) (0,5,7,8) {26,53,208,23,36,206,218,40,43}
[####.##.#] (0,3,5,6,8) (3) (2,3,5,6,7,8) (0,1,2,3,6,7,8) (1,2,3,8) (0,1,2,8) (0,1,2,3,4,6,8) (0,2,3,4,6) (0,5,6,7,8) (0,2,3,7) (2,3,8) {101,50,99,117,34,40,81,50,99}
[....##] (0,1,2,3) (1,5) (0,3) (0,1,2,3,4) (0,1,4,5) (0,2,3,4,5) (4,5) {217,191,198,217,194,18}
[##.##.] (1,4,5) (0,1,3,4) (0,2) (0,4) {7,8,2,3,10,5}
[#...#...] (0,2,4,7) (0,1,2,4,5,6) (0,1) (3) (0,2,4) (1,2,5,6) (0,1,2,3,5,6) (1,2,3,5,6,7) (2,5) (1,2,3,5) {32,56,65,50,17,56,42,10}
[...#.#..] (0,3,4,5) (2,3,4,5,6,7) (2,4,6,7) (2) (0,1,4,5,7) (0,1,2,4,5,6) {34,21,44,22,56,43,28,37}
[#..#.#....] (0,1,2,3,4,6,7,8) (0,7,8,9) (2,5,6) (3,4,7,9) (0,1,2,3,5,6,7,8,9) (0,2,5,6,9) (3,8) (1,5,7,8,9) {213,24,58,30,26,47,58,209,200,212}
