-2312
5492
793
-773
5453
-2076
-1728
-7702
4318
8316
-3366
-3814
9182
-673
-8201
7847
9691
4044
802
-8114
8944
-2438
-3460
-6923
-4847
-7341
2063
-9848
6702
2560
6058
-7669
7315
-6427
5165
3147
-1320
4789
6296
-806
1185
-1445
-982
2759
-8506
-5959
5683
-6623
-8571
-5834
-9022
8729
-7420
-9812
-9162
-240
7302
2221
-4352
-4248
5177
9037
-6880
-2117
9569
-1037
726
2866
-4587
3384
998
9665
3982
3169
4547
612
2857
-2601
-982
-4267
-740
2817
-818
-8005
-3697
497
-8039
-116
8438
-8460
2609
709
3590
1323
2202
-1246
-736
-3992
7811
127
-2609
8314
-5668
-6449
-6512
3972
-5998
-7462
4542
-6350
8424
5046
-3554
6481
-4521
1307
-172
-7391
79
-179
-7320
9750
-5916
8531
5522
5133
-1506
4151
-2793
5448
-2267
998
-6216
3894
-1297
7112
8486
-6030
-1815
-1451
4165
828
8678
-1751
-9528
5056
-9702
9288
8683
-1924
-6171
-7050
-9968
-3909
-9834
-8325
-2528
-2247
-1075
6684
6038
-6309
-3562
2333
3593
-18
-9857
-4318
6923
-5266
1408
-7781
2037
-519
4085
7054
-4111
2817
-5375
870
-8252
4142
3500
-9371
-2040
-7381
6216
7143
-6814
673
3104
-1693
6050
-2416
7112
4114
5367
4566
2560
4361
4131
4337
7876
-3000
-8724
-2088
6785
-5326
-7107
3739
-302
9519
-5331
8759
6867
-9267
4816
-749
-1980
1830
9715
1634
-6922
-288
4436
63
-156
1185
-5004
-9093
-8661
8447
233
-854
3154
-5589
-5490
2321
-1006
3688
6313
4704
6598
430
-7073
-6571
-3768
6203
8453
8735
-4070
8059
-4734
-1827
1330
586
-8858
1938
1366
6031
3744
-7191
8032
3586
-3196
-460
3032
2387
450
1391
-3905
-2774
6690
-9103
8220
-6594
8834
-3559
-9337
2199
-9026
2904
-8552
499
7727
6519
-17
-3625
-302
4611
9129
9756
6869
-2262
-4677
3533
19
5877
5224
3783
5992
-2218
-5097
3956
9335
-5586
-9441
3252
-4307
-1111
6509
-116
-4926
-7394
1270
-1773
6658
3317
-8704
-3692
6482
2451
7241
-350
-5042
-9182
2602
9752
-8475
-5018
-267
-9360
599
917
5210
4388
909
-1063
8311
1831
8235
-9129
-7420
-284
-1940
4079
-7284
-4893
4913
-8602
-59
6105
-4934
1196
-6947
-1508
-8961
2112
-6739
-8401
9750
-3697
85
2240
-5882
-1900
3783
5747
4388
5225
6858
-3799
6119
8592
-3328
4716
-6391
-7721
4813
3223
6303
8780
4400
-7964
8810
8247
8776
-5738
-2655
-2036
9906
-6834
92
6695
1740
29
-9758
-7016
-8170
-7780
4243
-3391
2989
-7678
2154
-4515
4475
8011
-3785
-3518
5532
8387
806
-9546
655
804
-5420
4138
8495
8975
-2559
8202
8268
-6923
1671
-9892
6337
6205
6024
6038
-3289
4626
4356
-3104
7633
9404
-3630
-4041
106
-4493
3651
6983
-5958
819
6105
1910
4645
-1293
-8747
8655
-6928
9025
1984
-9959
-9290
-7834
3588
2967
3048
4730
-8653
-4434
6105
8028
-4909
-7865
-6832
-1267
8129
4131
-9615
-7137
3956
464
-588
5260
2181
-3581
649
8992
-6427
-3292
-5641
-8274
-2283
-3455
1417
7054
3937
-1797
-615
-2526
6210
6222
-6007
-3764
-1743
-3123
9495
8269
3675
1085
-1859
8578
-1240
-4734
1196
1332
-3507
-6268
3380
-6530
3264
-4958
-7533
8869
2666
-6780
7739
-4128
-8229
9624
-8005
-1897
-9773
8000
-419
269
5048
-5962
4319
6834
-9624
-5247
-2683
-9050
-5335
5244
-3052
929
-3922
-4806
-7085
4186
-5127
7790
527
-222
4043
9900
4630
5056
-9425
-2369
-1442
-7949
5228
7449
3945
726
-1722
-3439
-1037
-4998
-5130
5158
-227
-8075
3917
5228
9382
-7582
787
-2895
-7385
9750
-8872
-1263
5877
4398
9200
4061
8059
9960
5756
-3241
-2283
9568
-5852
-3630
-2336
-3596
4649
-7203
4473
-8025
-9991
-8721
1307
-5487
4632
1799
2468
2834
2571
-3894
7319
8466
-7831
-7428
5475
6296
9191
6193
-843
8566
9398
7317
-3984
-1886
-5012
4014
-3554
6002
-5254
8412
-4059
7761
-7363
9025
-1960
1905
-304
-2877
7707
-3120
8969
-545
-9237
885
3830
7085
-8779
9198
4123
517
480
-6380
9713
-2029
-947
-5205
-9126
-4653
5254
3153
2067
7872
-3545
1864
9068
4516
6440
-9167
4281
4859
-6318
-3155
8699
-5310
-38
-4889
-1805
-9405
-1235
3285
1579
1265
-850
259
1513
-1490
7916
-9000
-7515
2756
831
2387
-6922
-6299
8992
3336
4473
1728
1366
-2893
-8891
7818
-3140
2972
1088
2718
9495
64
7527
8638
-8670
6740
-2971
1849
5365
7997
2941
5528
8065
6973
-5858
1355
6359
-7757
-3968
-1985
-3194
1425
-6928
4616
-1912
-5892
-9337
-4007
-1299
5042
3825
-5517
5056
-9180
-4646
-843
6038
7750
-7705
1294
8809
6888
-1634
-8823
-2995
-7983
-7333
-7315
2240
-4881
497
-4026
-6921
714
4513
-2134
-4600
-4863
7388
-6344
-8589
9381
-7674
-9967
-9237
2679
-8598
-6741
7739
-7720
-1899
-5265
-5665
-2580
-8820
8550
9121
-1218
8832
-1776
-4814
-1570
-7969
-6529
8232
-4867
-638
-1263
3918
8720
-6378
-7501
3894
-663
3894
1264
555
-1139
9538
-7029
4909
1751
-6800
7761
6810
6708
-3571
7994
9707
5187
-3084
5458
-5274
-8246
5730
2425
7931
-6800
-6008
-2705
-5151
-6268
-1054
6176
-6809
7683
-4342
-7797
-6430
4127
-3148
7294
6188
8729
3463
3375
5648
788
3996
7650
8952
-7078
-8155
-6166
-3726
-2742
3845
1103
-5164
6507
-2219
4131
9421
-8277
7068
-8046
833
-684
-6160
-8604
-6384
-2081
940
3239
1962
3502
3576
-3320
-335
5644
-200
823
8320
-7803
6209
-7565
1042
769
-5705
7494
-4419
5726
5198
-6879
3377
-6890
-6072
-3633
-100
-8584
2961
-5839
8191
9055
-5330
-3082
-8589
-7126
-9861
7624
8486
-272
-1092
-3047
9349
6014
8554
-2986
1425
-2615
-1855
5442
-8509
9775
-8855
6313
-8060
-102
8809
2374
5400
7789
-6100
-1473
-916
-6715
-1828
-5649
6314
-1946
-895
8774
5894
-8284
3825
8737
500
-1468
2542
-7925
7775
9221
-2916
-9878
-6427
9800
-468
-8699
9798
9424
8910
8582
-8806
-4157
8620
-5136
-952
-9019
-6947
-601
-5789
-9535
6028
-8930
8466
-5689
3254
-4709
4394
2281
3362
2813
-5808
3420
6002
-9398
9653
5728
9204
-4846
-7691
-8087
6772
-451
-2286
2826
5945
-7702
9713
5468
4660
672
-1854
-3970
1905
3685
6425
5102
-7462
1913
6360
-8581
6604
9384
9117
2574
4436
-6263
8516
-2059
6378
-6492
4242
-9681
-6126
436
5520
9528
3885
1227
-8501
1230
-6933
-5230
-9432
-1313
-2136
-1379
1439
-2864
2839
3340
-226
-4206
9121
-9572
8567
-8298
7244
9526
-8506
-7922
-901
-523
-6310
2811
2324
-7384
8812
-916
2580
-2966
9885
-3400
-6277
-5818
-663
-7179
7344
6022
2865
-676
1375
8622
1965
-9990
-4255
5796
-3903
8008
-78
-4997
-460
8437
-6563
-5517
-1827
6257
-5413
-6169
6869
5890
9791
5425
-7310
7249
1175
4417
-527
4115
-834
9427
6924
731
-1537
-4632
-1218
3677
-8488
-946
-5430
580
4976
5132
8448
-3109
4014
-4493
-5671
6507
3688
-9214
-2641
3508
7581
-9640
-2308
3598
4940
-3843
-7364
-1693
2367
2589
9435
-7914
-5655
7388
379
6022
1899
2607
-6226
8992
1231
-8751
-4158
1888
-2145
-5874
-5713
-9526
1060
-3324
-834
8534
-1807
9906
1217
9946
1892
8556
6182
-2868
7988
-1555
-9400
2212
1311
6349
-9405
3703
9120
5284
4672
-8397
-7984
-5319
-7955
-1570
6475
-2479
266
-3865
3550
1313
5476
3052
9659
2696
-8760
6568
-5512
-4938
7835
-6933
1821
5033
3504
7070
-2016
1147
-2652
-4622
-4126
-9118
6462
1563
3285
8275
-8593
-4833
-1318
-6620
-2818
4893
5076
356
-4435
6210
9037
6929
-6950
-6710
-1735
3541
-5278
-1451
8176
885
-9108
-2591
-1165
660
2387
1829
3490
3048
7244
-6423
3571
-5055
-1272
-84
6388
2320
-4569
2382
5900
-7482
7915
5668
9089
9963
-6007
6337
-5863
-6139
-1803
-1863
8283
-8654
-7952
-6938
-5541
484
-8487
-3356
-2433
-9859
-1960
7112
8010
-7200
9261
5926
-2610
-7854
6988
-4258
-9209
-3029
6578
-1779
-6575
9899
4561
7564
-6399
-7750
-1276
-1242
9793
-1650
400
-4830
-9533
6806
2157
-5517
-9506
-1925
-519
5650
-8327
4683
788
7457
-4476
6695
-4255
7292
760
-8423
1603
-4258
6097
-567
5582
1323
-3113
9303
-3025
-8242
6039
8692
2309
-5558
-916
-7193
5906
-9774
8231
491
8404
-9325
-9261
4790
-5419
4394
-2174
-8130
6327
7412
6495
-5814
6741
-6791
9147
-828
-619
1841
1120
-9057
123
430
-3828
6360
5831
-5059
-7599
-6946
-9640
4733
2834
524
-5316
8832
-1566
-5477
-4370
1991
6716
8755
-3455
7821
-90
-8899
-7101
1785
-2925
1299
9571
-8319
8304
-1690
-6509
-5792
4825
6801
-1638
-4783
4784
-5668
4170
7228
-2326
9793
-4041
-9295
7134
-4845
528
3199
-1632
3372
-5856
-2582
7039
-7775
-6401
5747
-6986
2608
5091
-8261
-8431
-1591
-6165
4835
6467
312
9873
-6425
-9224
1633
8856
5961
-4968
8583
-268
-6396
6791
8721
-2141
-2248
-9119
4338
-9103
-3693
-706
-975
3854
-1136
8930
6511
-445
917
-1024
-3782
8406
2624
-9544
-4830
-5255
-9561
-2948
-1011
9056
8291
3320
-5316
1148
-8261
1330
-2145
-9226
-1257
1905
-3227
-6728
-6107
7278
-9645
879
-3758
4980
-7956
6640
4053
-7842
-6749
363
-6904
-3055
-768
7220
-5118
6750
7737
-3422
6328
4844
-2690
1113
-7072
3528
-4331
-5164
-4056
-4821
-982
2502
7885
-8553
9740
5105
-5824
2693
5459
2462
-3001
9783
6766
-9286
-6516
2307
-908
-1325
904
-84
-1526
278
7384
655
-4468
1264
4952
-5002
5700
-9261
-966
-438
-466
-3756
-9867
-2088
4125
1930
9294
-1243
-5604
-2422
-2385
9296
9426
6767
-6467
8846
-1315
7568
4391
85
-2167
-9427
-6613
-2586
2008
4540
9421
-7046
8466
-2939
6699
-8174
3384
-2700
3199
-4011
-8991
-1129
2216
8273
7977
-3962
-2334
-2747
7765
1765
-4471
1863
-6768
-7752
-5945
8593
-2225
2550
9650
8842
465
6133
-952
7479
5645
4520
-8873
4429
9857
-4567
-124
6193
-7916
-1299
1811
-5195
8974
-8604
6126
-7579
-7828
8882
-5002
-6102
3891
-589
-5697
7519
-1335
-311
-6777
5704
1962
-4950
9814
5400
610
-2093
7898
-6492
-1165
-1063
1658
-7184
-3384
5101
4733
1231
9255
-712
4122
4402
5443
3877
7541
4473
-3633
-9959
9260
9177
1788
-5986
-5165
8969
6031
741
-7417
7002
6992
-4374
-8995
2832
2250
2221
-2791
-2287
-9125
-1692
4930
-443
4349
-8602
3553
9117
8304
209
6650
745
1058
-3994
-7437
8476
-7390
-6864
2467
1798
-292
-6487
2954
-3029
1192
-1955
4256
5615
4335
7948
-7963
-831
8499
-1778
5063
2069
610
6032
1447
6898
2154
-6397
7996
-7809
-3279
6789
7245
8794
-7078
-1434
-3953
-3029
7262
-4640
4742
-1063
7790
2320
-1721
6128
-4219
7482
3385
-2949
-6830
-1522
-3530
-9002
-4798
7347
7847
-8651
9432
1612
-5705
-9216
-5384
-2064
7739
7113
6250
7192
2927
7901
-2990
-736
3892
-2641
7870
5061
4500
278
3569
5059
-8721
9991
1219
-1289
-6273
-8618
-9085
6235
-7551
-2850
-7188
-9828
2381
-1298
-5671
-2114
-3312
-5589
-394
8484
-4008
3378
-9841
-3357
6888
4421
-5959
-2719
-5031
1945
5058
1732
8774
-9907
9240
3189
-8103
8526
-7588
6113
-9506
1096
-7420
5688
-3131
-8204
4321
1860
-3439
5902
5484
-7310
7544
-9184
3579
-8311
9400
-2046
3613
2834
-3828
4483
-3687
2474
9175
5682
2134
8178
4669
-8999
4089
3745
6187
-3255
4496
-4086
-5667
-4719
-9530
57
-5557
-1809
4683
-6874
9649
238
-5274
2548
-1610
2406
6760
3829
-6658
-7076
-8907
-8252
4473
-6559
9751
9946
-1815
-4719
6440
-3154
-4584
-8861
5988
-6730
5975
-6449
3127
6406
7501
-4504
-5805
-8832
3352
-3961
-3453
9800
-8757
-9250
5575
-1894
-1130
2529
2060
819
8152
-6329
-6967
-451
-3261
1670
4090
-6879
-638
-5435
2187
3891
5504
4337
3137
-9570
2350
9955
5628
8522
-165
-7442
-5330
8494
-8458
5667
-3922
-5440
-7066
7265
-8704
490
-5609
-768
1537
-7702
5884
-1198
4784
1935
-9959
3985
-1213
-518
-7078
-9683
-4973
-2189
9598
-4616
7220
3335
8211
7294
-5295
4813
-3329
2697
5383
-2611
4052
-9056
5442
-5822
8230
2860
2797
2893
1320
7805
9598
-6575
1307
-3383
7434
7853
-6166
2096
-2921
-8558
2689
-2719
9225
-2812
-7176
6243
-7995
-7186
8770
-953
-3986
9430
-9280
5951
254
9268
1664
6491
8121
-6876
2805
-265
8954
5634
-4938
-6880
7449
-9839
6036
4772
-5325
3763
-3455
-8766
1458
-605
-6746
7846
-8180
8340
9269
7054
-5084
-98
9491
2893
-8571
3179
2972
-9473
1502
9398
-621
1562
-1657
1670
9896
7344
-9187
-2085
-2781
342
-9159
6214
802
-2429
-7600
4489
-7485
-4674
2709
-446
-8240
9394
8159
-4058
5910
-1281
9760
-6626
5440
4697
-5100
6509
4256
-4904
244
1154
-7067
-4251
-4759
5617
-8546
8747
5770
-4909
1447
612
-8622
2866
-2947
-1800
-8985
-3800
-6839
-1256
-8119
6427
8187
-4392
-2980
-7103
-2337
5830
-3644
4052
4591
-2181
6072
6905
5783
-3905
-9064
-3083
4615
-3437
1133
3153
-1922
-4065
-8069
-6436
7889
4440
-7021
-638
-5127
8977
2839
6777
7054
-5443
3666
-9640
-1863
-2244
-8397
6744
9748
5783
7727
-6548
7052
-4846
-7240
8565
-6165
-9038
2975
-6850
-8567
-7842
4297
-474
-5606
-4723
-203
-4902
6313
92
-784
-5997
-2915
-6920
-8873
-5885
85
-3035
8715
3763
-4255
6210
5214
3284
-5662
-585
2621
3569
8826
-9532
-9323
1430
159
-1831
-373
-5837
-6559
2129
-6731
2932
-9463
7930
-5585
9567
2601
-6215
-4804
9927
-8269
-9660
6692
7859
855
-3444
-545
-1924
3776
6273
7774
400
5129
6999
-8423
-243
8011
7236
-555
9279
2752
4931
4728
8293
6421
4497
3458
-8929
9792
-1333
-4216
1379
-6254
8851
9346
8174
5712
1899
4115
4437
-7151
6917
9104
-5838
-1454
779
8637
7494
-7076
7365
3931
-2719
8075
-5323
-7745
9761
-5792
5746
5575
9704
-9334
-8704
9364
-4196
4914
3552
-6741
-7272
3199
6427
-3097
-2195
-3535
-5885
-7161
-4290
-5912
5957
9337
-6472
9037
5573
2384
2474
5497
5889
-9663
-5332
5913
-48
3398
6039
-1025
4567
-1689
-7643
8403
6422
2666
4681
7571
9306
-4140
8668
5961
1728
9600
4567
-9947
7947
2311
7683
4036
-9118
-1440
7701
-718
7252
-5748
8074
9077
1430
309
7223
7241
6924
-1726
2580
323
9592
-147
9734
-6509
-2141
9899
8912
-9095
-1534
-1722
-6731
-4674
-5668
9543
2181
-5971
-4285
-5435
8785
6022
3483
3442
-4311
-9718
491
-234
-6505
-2233
1054
1843
-8170
3725
9367
-9708
2884
575
1466
-4904
-7163
-6509
-9898
-1035
4218
-3782
-7972
4094
-4022
7344
3528
6745
-8677
-564
599
-1588
-638
-2547
7384
-3223
-8978
-3131
2367
38
4294
2227
-4687
-8416
-7749
-901
5156
5381
7208
9451
-1072
-6165
4274
-9330
-5692
-976
8507
-4214
3267
-693
4016
-4859
4131
2624
-2195
-5747
-3433
-5309
4909
-1789
1970
1113
6654
9294
580
2701
-3072
-1058
-450
-3553
8842
-6902
5849
-8210
3129
-4568
7319
9289
1953
-2772
3176
7831
-5215
-7078
-269
-9613
-5990
140
-3349
-1868
-6378
7029
3786
9495
4946
-3908
5746
7246
6543
3375
-6525
3179
4829
-5690
-4458
-5067
3563
-9505
8886
-6046
8975
-9892
4232
-3386
6748
5560
-5068
-4307
8256
-4803
6559
-726
7262
3603
-6032
-1753
1072
-3515
1160
-4265
8809
7319
-2341
-4621
-5593
4672
-7252
7876
-2824
-2708
151
6484
2609
2708
-9044
-7454
4473
-3075
-5664
1659
9212
-8951
-3382
8762
7569
-2142
-3045
-7361
110
6810
1104
-373
-4500
-9051
-3242
2221
5025
-4297
-6710
7853
-6452
7998
-9213
-7520
-6727
5334
1096
678
-4395
7679
-4022
6257
-3939
9591
8016
-4342
8010
5402
1423
8834
6389
9001
5102
3868
-7905
8265
-2083
6772
-8806
-1136
-5612
-5127
-7981
-5655
480
-3419
368
-2090
5293
7052
4686
3386
-708
3991
-684
-2381
4228
-9954
-9993
4285
-6467
6787
-3366
-4653
-3731
-4257
-1246
3925
2320
1536
-3196
-1374
-5465
-7690
-716
1929
859
3442
3500
-6460
7761
5628
-4119
4069
9037
105
9498
8235
-2437
3472
-5420
-6518
3972
-7627
-8503
6050
4393
-8440
1986
2187
-5589
2686
3888
-9356
-543
2822
5302
-7034
-7778
9334
-5462
-267
-6891
-2707
7407
8805
7388
6184
3346
6847
-5971
-417
-3326
-1592
5544
-6800
7034
-5441
-9441
-6987
1815
5783
6926
-4314
-9892
-1500
2904
-1946
-9074
-7659
-4333
-3553
-916
3237
-7151
-6030
-8337
418
-9384
1192
2558
7496
-7729
8273
9305
3827
7519
2133
1879
1001
258
-3963
119
4186
5239
-7204
7704
9534
-8682
-4772
-7978
5929
6107
506
1760
5782
5895
-3687
-78
-7125
-534
-4774
6218
9585
8200
-5340
-9302
3559
8846
3552
1671
-5477
-9118
7790
-3757
8365
7394
8465
7245
3956
-592
2205
-5882
6476
-5732
-6477
6713
4709
4714
7356
-1080
-983
-9975
-8190
-7574
828
-6316
3515
451
1098
5400
238
480
-5998
-4376
1974
9915
-7151
-128
-5130
-4423
8491
3122
7110
-9930
-7341
-1882
-3439
8231
1407
-6444
-4772
-8872
-2853
8031
6313
-9629
4347
-5487
-1799
-1225
8026
6920
4427
3467
-2158
909
8977
-5982
3825
-718
7908
4464
-1220
693
8293
-8873
5243
3511
8604
-5990
-4492
-4091
5688
1240
664
3712
3048
-9240
-5267
247
-2010
5327
-2030
8030
-5240
-3302
480
4323
-8323
-4590
2769
8506
-1556
-1827
-6216
-4879
-156
-1447
5967
-1840
-5838
7409
8444
-5008
-7949
6069
284
-9103
-8612
797
5615
-2375
-9861
2789
5978
-59
4821
7116
4054
2816
-8543
-1099
9062
5718
9635
6353
-3312
1227
2144
5770
9824
-2918
-7958
4640
1036
7693
-951
5293
-4364
6883
-4395
7615
1097
8269
-9907
5813
-5369
4001
-4965
-4567
8939
-145
3003
-6977
8293
1299
9247
-2988
7170
6638
431
-8887
3279
-946
-4148
6039
2067
-282
-71
8031
425
-6890
878
-1532
820
-8918
-5336
1989
-7692
-1915
-684
7818
254
7294
7865
4192
-6782
-6593
-9534
-6708
7805
-6548
-5502
-6471
-3453
-736
-60
450
-2995
4978
3135
1408
7241
-4262
-1352
1200
5332
-3276
-8900
3210
317
1659
-8895
-68
1728
7241
-5572
8605
2181
7379
5184
3720
-7081
-906
8125
-4793
-387
-9056
-6572
5129
9554
-206
3680
-1500
8300
9128
-6752
1001
8338
-2893
3567
314
4180
-7983
5575
4745
-302
5910
5877
9130
-4624
490
-6477
508
-2262
5063
9995
5492
-8571
-2076
-7245
7531
-4395
5668
-8525
9198
5457
5282
-9627
-8023
-4275
-6099
-9415
5771
3678
-6865
417
-1681
-9044
8269
610
-7461
-7621
-4022
5225
-4529
9988
-2569
9810
1996
1283
9364
-7877
6015
-7076
-352
-9273
-3114
-9044
8524
1634
6057
-5687
1947
4940
2461
-5043
-4571
-5986
4391
-9838
6912
-5398
-318
-5024
1465
3817
8656
4389
-4034
4052
7988
-8598
9693
7317
4356
783
-5211
-1854
3219
-3521
-6814
-4709
6055
1394
-10
3384
403
9590
4927
1524
1098
-9975
9585
6222
499
148
-5770
-4801
-8148
-7928
3359
-7612
3226
-4709
1527
-2568
-5296
3739
-9003
-806
1984
2059
7955
7818
5364
793
6822
3946
151
-9630
9630
2324
662
3333
-8448
6754
437
-2029
-4255
6568
8500
-3622
810
9004
8653
1164
-8115
-1858
-2642
611
-7246
-8085
-6299
-4599
5226
-4384
-1024
-4938
-1431
-6083
2496
6922
4660
1912
-8991
-8297
-6895
-9607
1696
6072
-3326
-5078
1355
7649
1118
-3072
-5738
-4741
3892
-647
-6566
-2195
3768
-1397
-4046
-3118
-8531
4909
-6367
5292
-3083
151
-591
3367
-8325
6439
-6505
-7330
2456
8503
-5579
5852
-7902
-667
-3492
-6341
7979
8307
-29
-8265
-2614
-4590
-7186
-3785
-3744
3300
5701
3678
-2580
527
-120
-7978
-5319
7443
-5475
-1506
-7191
-9281
-7356
-2628
7251
-1997
3924
-5266
-8651
9217
5305
9111
-2939
7519
-8554
-5596
-3718
-9826
5615
-3270
7568
-901
-7112
-7598
7930
-1075
2380
-9192
-9157
-9773
-9061
-4003
2896
4243
7496
3191
4741
9293
-8230
9568
5013
-7046
-9040
-3302
2822
-3767
-6571
2286
9978
-5369
-3987
321
-9841
-9334
-4786
1332
2154
350
-1841
-397
238
-1815
-8499
-4930
8627
3968
1148
-2153
-4273
279
119
-3390
-4077
-7011
-2595
140
7960
-6277
6223
4957
-3939
6988
-5028
-9901
1603
-5892
-775
-9280
3171
-1522
5108
4891
3685
4661
-7643
-552
8337
-5832
8644
3003
-9386
6223
8612
787
-3622
9641
3003
-9341
-7802
9602
-3767
-8598
7949
723
-4998
-6073
-5646
4880
-2046
7167
1100
6188
-2993
5320
-4615
-5113
2264
6658
1364
8910
-8873
-9623
-1256
5575
7718
-8815
-8254
4073
2488
-7385
-9406
-1283
-2330
439
-2260
-3460
-1411
1800
-1868
8900
2905
-7883
-8724
-6531
7876
6834
9389
8247
-1522
-2524
7145
-8339
5056
7401
-8273
3776
-6665
8064
8148
2243
-7815
1924
-3212
-6806
4323
904
-4695
9209
-6907
1291
1529
-4561
-7375
-1211
2558
-2141
5043
6989
-5202
-2176
-5916
2884
-6187
-3430
-2237
-1213
5977
-6300
3245
8531
-4257
-9381
802
-78
-4860
7008
-4722
1110
9955
3907
1910
8930
-2195
-3785
5610
5135
3491
7948
3403
-338
1694
-8961
-3504
-8033
-9811
6823
6748
8362
-5673
5260
5914
-809
4578
-2719
2755
-42
1258
1601
767
-347
7552
4349
5549
-9012
-4066
-3864
6657
-4258
7015
5905
3870
-7769
3896
3956
1996
8506
-1060
-5314
6853
-7459
-5834
-9179
9981
-5594
3705
-799
1788
6874
-4405
2345
-5994
-9878
425
3474
323
-4786
-7819
-5507
-8999
1683
-5020
-8423
-9015
-1037
909
-1304
9494
-4815
7341
2170
4724
-9026
-5085
-4041
-4282
8747
2902
5352
3576
-8931
1536
-8880
376
6995
1446
2811
4310
9204
-6879
-9143
-78
-2334
5345
3317
-9839
-8793
-833
4699
-2420
-3265
-8066
3885
-7660
-7341
13
8711
-2510
-8420
-3856
9808
1921
-2644
-6183
-6786
7739
4036
-5541
-9182
4427
7008
-4938
-228
-3505
7569
1683
5763
-728
2236
-943
5351
-8467
101
-7916
-9075
1983
-8025
5674
9528
-2621
6098
8770
4600
6519
-8724
-3047
6462
5293
-9484
8464
106
-2368
-2455
9659
-3489
8326
7198
5617
-1513
-2437
3380
7835
-517
-4778
-6895
-7224
3200
2324
4704
-7740
4029
-4071
723
3889
-5732
-1338
-7655
9258
-4148
-8233
4544
804
9968
-6880
5772
-6405
3637
2752
-5041
6317
1884
-2007
-2908
-8629
-5600
9867
-421
-6378
-5810
7684
3456
-7571
-9877
-5828
-2763
9288
491
8692
-5648
4501
-4434
-569
-3339
1118
-961
516
5412
-9462
8219
2882
7319
-4920
-7027
-3528
1097
4900
8282
4135
4658
8008
-8843
9656
7044
-3992
-5136
-3968
-4330
-3265
9567
-2542
497
-5318
-18
-6056
-3651
9104
-6477
-2719
5268
5570
703
8809
-4719
7949
-2175
3009
6939
9709
4264
-7758
5746
-9630
4579
4909
3571
8199
8743
6349
-5785
1889
1893
4256
-2987
4089
2112
-4104
1333
-3443
-7134
77
4963
4908
-9050
-7842
7564
-9229
-6378
2975
-7823
6418
269
522
-6300
6174
7005
-5378
-7981
-9356
-9072
2569
8999
-6390
-5935
-5057
2360
-8700
-3348
-90
3191
1789
-8654
7768
-6404
-8873
-6821
4562
1085
4429
-9579
-7957
7294
-427
-7934
2968
1508
-6905
-5993
-1688
-8417
1780
9540
-4450
1536
5184
8111
9877
3466
2279
-5254
-6850
6936
-5318
-7691
-6390
5400
6108
8351
-9275
-6229
-5441
-9950
-5475
1480
5686
-8082
-128
9648
5982
9904
1974
-4077
-9764
-4525
-5834
6285
6559
-6806
1577
-7459
7276
839
9633
-7440
9191
4709
-7421
-5043
-2217
-5419
8031
9873
4658
-2961
-3223
3226
2189
6134
1939
-4390
-1323
-240
-8850
6122
7885
1991
2271
6261
-8012
-6213
-3041
4125
6966
-5882
-6915
-5345
-3925
709
978
6321
7461
2433
7315
-4675
-656
-8237
-7938
-340
-5314
-4571
1699
1525
-6613
-2064
4562
6285
4192
-173
7710
-7469
-3785
-2248
4375
8399
-833
-427
5295
-7999
7236
-5517
-5989
-6017
965
-3883
-7937
7707
-1892
-2085
8111
-7516
9569
8043
532
-1663
8001
-1162
9170
-7059
-8235
-6865
-9272
6119
-3662
3870
1339
6589
-4588
-4322
1549
-9520
6393
7102
621
9389
-4111
5768
-3700
3018
-5154
-8234
8634
-2928
-6425
1709
3657
-9595
-8276
-844
-4257
770
-4722
-3718
5091
-8724
7964
5288
8921
-4719
527
-6946
5186
3598
5259
4359
4147
9435
5992
-6929
1058
-9752
-4909
4756
-1902
837
6293
6326
7847
-8692
-9016
8851
8842
8743
1989
-3991
-6232
-9571
425
2666
9009
4745
-1197
2866
-2479
8453
-6310
9490
-1892
-1313
-2941
-5062
-4521
-4219
6337
-2011
7727
-205
2094
2780
6791
3547
-9513
7262
-9526
-1306
8873
342
6483
376
1897
9068
-5133
1822
-6727
-3922
-2009
3515
4391
-3029
2778
7117
8232
6898
-1425
7289
1346
462
-5431
3643
-7627
8974
-5687
-7501
5783
132
1799
-6425
-8416
-8904
8380
-6216
-6391
-5792
-5770
4126
-9622
8842
-2096
2929
-1438
-3156
-2796
-7415
1924
6898
6991
-4968
-8032
998
-3780
1969
8453
2515
-1596
-6004
3195
-5012
4594
141
1449
2834
-5076
5824
34
3463
-736
-5096
691
3876
5463
6703
-1072
3853
-7937
-8593
9037
-2492
1952
2293
-4422
-2151
5214
5234
5988
-8011
4501
8970
8678
8386
4525
8340
-7246
-2570
-5829
2271
-6614
-8375
-4515
9674
-2724
-7871
3973
594
3875
1614
-8339
1879
-7555
5093
6353
-5309
-9118
-7390
0
-7598
-4177
8634
7534
1556
349
-9441
3579
-4653
-2416
-2194
-4484
-6483
-5383
-78
-5205
-1242
813
3590
6240
-3736
-7390
-7632
5321
-6299
-4615
-2210
6188
2372
7060
-5986
-1632
3032
-5612
-5336
-8543
3502
1695
4391
2387
4547
1110
-3353
-545
804
-1809
-5353
7904
8120
5855
1657
-6626
-6422
-4870
-1404
-6229
-3968
2585
2060
-1821
1577
810
-8408
-7540
7897
279
6039
6656
-9330
2591
8567
-5495
7354
7443
8697
-9959
925
3180
-6647
8556
-1018
-1293
9569
-2128
-1431
7483
-3984
-649
-8978
4285
262
-5191
-2759
4835
-5834
1294
-3856
3084
-8885
-2708
-1693
-8948
-6021
1629
3961
2760
2861
-6797
5184
8419
-9162
6810
-8473
9899
9844
-2044
-9103
-3183
-8697
5303
7412
8344
5003
5957
6327
-8799
2425
-5159
1732
7934
5728
-7328
-605
-8552
-6232
-9200
-3586
6145
8498
-2780
649
5957
3744
-9775
7645
7354
1335
4195
-5747
6484
8567
7851
1910
8259
-3384
-9657
2189
-7643
-5612
-3674
-6521
-4128
2187
-3000
-9708
3052
6262
-4863
8010
3371
5220
-38
3744
-3828
-6773
-2962
2887
497
425
7873
4140
8657
2461
-7654
8640
6365
4225
6829
4186
2301
-2793
-6554
7241
-7102
659
-7999
9335
-1223
-7090
6542
-2019
-873
-9624
6293
6039
-6108
8204
2860
5098
-7132
9694
-1973
-1217
-3264
-7112
8296
-8850
4014
-1837
480
-7667
8005
4750
1059
-4798
-187
4728
7007
-2369
505
-590
-1827
9692
-6294
9115
9756
2380
4533
-8557
6450
9019
9514
-6594
7060
2477
2259
-5578
-85
7356
6055
7649
-2742
29
-5146
-7621
-2829
-2427
-3827
6197
9143
-9622
-4062
-6232
-1470
2591
7104
-206
9517
-8918
4658
-7199
-48
2662
6782
-4705
-9459
-3950
-9057
-2526
4866
5611
-7128
4238
1706
-9179
-6611
5615
-3148
5074
-9463
-4435
266
4733
-1242
4407
5334
-2856
-3600
2666
9396
-1224
-7132
1957
-3651
-8843
-8699
-6879
-9957
-648
-8212
6511
-2657
5351
7541
8556
7344
-3734
-4679
-9580
8416
-8
3976
-8397
-2827
3666
-3230
-9044
-9821
-3836
-8100
-1502
-4011
-4569
9761
-8261
4533
9424
-9374
-6630
4941
2496
-1902
1491
-9374
3398
2018
-9983
-6165
1750
-5885
-383
-2319
9426
5058
8016
-8079
-576
7192
5003
-5885
-414
-6455
2511
662
-2997
9240
2670
6145
-6745
-3414
-6450
-2425
-335
2475
3671
-4809
-5888
-3508
4522
-2626
2970
9659
4590
-4730
-4722
-5018
-916
4268
-7102
-2070
-5414
3533
-6170
-2247
-6590
-7211
5153
1360
-2995
-9954
-7684
-2668
-335
9352
-698
-133
-3571
-3419
-4821
-4222
1603
-4835
-2259
1547
-2244
8811
-151
-1201
1008
2212
-739
-9308
-3766
8964
-240
4044
8368
1944
6672
7953
3481
-4273
-3961
-6222
-9274
5345
5834
-4737
9009
-7920
1128
8227
6031
-4925
-1714
-6649
-460
183
9207
-6046
2196
-5435
2797
9783
5909
1103
-6800
9507
-9967
7643
-7489
4104
-8978
8732
8582
8013
-2724
-9453
645
-5489
-3939
-5242
3400
6392
3355
-2111
-6056
-8164
-3053
-6399
1921
-9171
-68
-4051
-5292
-2462
-4215
4733
-1397
47
-5508
425
-1883
-4273
-8058
-3972
7223
5112
2154
-5770
7949
8859
-6140
876
7153
4082
-1025
4462
3629
7006
-1790
2221
-4133
-5881
259
720
-6333
-953
-749
1092
-1037
4657
8842
4075
-163
9342
558
-5932
-2319
-5168
-8259
4266
1592
2389
6351
8556
6039
-248
-6163
-116
7369
-5998
-2572
-5181
-8613
372
-8880
-9597
4453
-9775
-2547
9640
-1404
9001
8351
5364
3377
-5316
7518
1801
7070
-4133
5740
1146
-5307
-9975
-3460
7818
-1809
-6152
-1204
3292
3734
-7803
4001
-5202
5747
1526
-3045
-5540
6697
2618
7086
4230
1282
2755
-5638
-5562
-108
2600
-4321
-2492
-9473
5957
-1133
-892
5765
3675
-6046
5497
-773
7607
1526
-9037
1789
1944
-4342
-5042
-7299
-9663
-472
-6905
-4902
7109
-6946
-9443
1957
-1247
3834
1904
4014
9367
-5834
4013
-3265
-9544
7826
-5557
3747
1848
-2747
1763
7110
9740
-6326
1550
-8806
886
-1692
621
-2318
-2134
8851
-9455
6829
6212
4231
-9032
5475
1265
-266
-266
-7812
831
6041
-787
178
7112
-753
1676
6785
-3034
-7140
-6678
1425
3896
-8604
-4845
-3478
6291
70
8512
-1011
-6948
4547
8822
9089
-3883
8273
6755
2170
-7420
8031
-1800
837
-485
-8679
-3348
5730
9397
-2344
3651
5514
1688
-5743
8640
-8667
-9101
372
-2657
-3782
7262
6058
-7034
-7193
6004
-1135
-2223
-7027
-4662
-1242
2456
-6222
6197
6695
4025
-7363
3533
9713
-6273
-7379
1355
-383
-1882
-9203
7521
-8303
-4640
-240
4398
-3756
5300
2396
9107
6837
9589
-8655
-3455
7931
5288
6212
8644
-4086
-5556
-3605
6591
8482
-7391
7898
821
-9683
-2569
-7078
4879
9921
-9772
-1675
5588
1058
-860
-7392
-3218
5499
6216
4473
6210
-5278
132
-1231
2585
-7112
-3865
4741
1892
4073
4142
3887
-8210
4239
-3057
-1247
-197
-8115
-1883
2029
6337
-5321
-798
7434
2029
-4894
-7469
5746
3214
-2885
9598
-3215
-4772
4645
5263
6055
3744
7774
3461
-4734
6680
-5585
1891
1542
-7905
-2908
-425
9432
1695
-8178
3503
-1293
2028
-9261
-8178
-8058
8489
-7812
-3736
-3056
-6157
8653
-5405
1096
-333
-9319
3339
1335
4123
4547
-4432
4946
-3545
3156
2462
9946
51
-1134
6576
-3436
5617
-6425
-1506
3201
2905
4238
-5132
5409
6349
2760
491
6999
-6552
4265
-9103
6039
-9163
-9496
7860
-3785
13
8842
-4772
-9622
3261
271
-7660
4662
5858
-8431
-8779
-559
9284
9303
8780
3892
-7479
8794
-4622
-5606
3466
-4134
7344
-2691
3375
-1133
-2429
-448
3443
-8201
-3057
6113
-5562
2311
6427
-5692
403
7459
1549
-1563
1954
-9166
-5462
2189
853
8443
-9894
-4630
-2070
-7034
-2206
723
-1228
-2484
2467
7607
5293
870
-2064
2329
-873
9483
-6800
353
2028
8549
8964
9408
9007
-8406
-2484
3870
9519
-5874
5176
-919
-5452
-1890
-9887
3275
2816
7647
-1376
742
5574
2305
-9003
9633
