4080909
2254738
8155901
7477951
16431099
5408639
5157077
6843017
7343391
2516192
12286948
6805409
3330250
10938366
14374017
10957655
168758
5016772
2875289
9954275
8573337
12925507
12561359
14243976
2884223
428102
3248277
860940
15841288
13887317
6901633
7623423
3284294
14627437
16250818
13250706
6157588
6419581
1357452
6810417
11905247
163700
7127512
13449599
2282345
5558515
14163958
2136577
6713087
10042179
9873822
6425428
13878989
3967264
11792741
15545765
16340909
956959
6561178
2718465
12238209
7445788
9852068
191993
3991138
5605377
6714142
1594412
936933
6242706
6318558
7668085
13409399
3949685
8789051
12664487
16300624
4197308
9822144
13052208
11233910
4598392
4786565
3568973
4955243
14152345
8138308
7110676
1601907
8881468
11011123
7849771
1747179
16722201
4131945
10264257
4447491
918586
5398680
6629665
5507085
4038232
12977280
13355820
7312882
6013577
7531615
7216104
1457831
7662244
14501470
7696532
7533897
3204827
3108760
1595310
12073783
6429038
4981285
14916035
7042772
14590737
4422416
11176998
3594679
8657371
10924514
14998838
4895148
9948114
5083618
13799758
16413359
5679393
12305338
15077436
3773683
6906383
11599823
2695871
10008897
14041931
7934436
3550081
5901912
1456614
1892687
13642949
12798887
14553261
8945970
8327474
4249469
10644421
3016151
7589921
16115949
5431198
15989333
10181155
10039007
2059840
15689810
11636392
10763850
16122788
6208936
16512293
14268500
3840143
6290763
3707040
5418480
9727184
10341561
13383930
8562892
3759880
6326721
4825118
2445499
2192227
15519815
14946053
6797403
3333274
4528417
5461290
6079366
14003569
687350
5247557
12852533
12791205
2718818
11598594
594069
8695211
1246324
15655825
4983230
2671139
3080133
5174342
11416810
14337025
6069327
4032953
3919672
1973901
15284264
3264844
1138906
2736706
12947242
13138318
10149432
2196573
2255991
6154617
3154633
13721704
10004644
6149978
1336702
5352627
5223212
11015649
11348575
12789180
8132497
1550554
8406854
12001508
4022109
3746041
4145696
4765058
8265183
13632577
4555951
13160073
7457882
8580276
5799086
15468368
12718282
10079829
10688092
12465616
1768014
7785918
8217254
10316998
16205732
11030315
13201628
11797149
8831456
7333953
9448804
12013514
5415671
7522972
1944330
11076183
6269017
4319203
5163674
9653758
6574379
2842344
4154343
1653194
2986309
5773917
11895808
15974291
15098232
14004649
12328227
5464084
15314432
8270187
6796821
14799142
2593119
10381468
13747934
12858628
14950215
5406309
3670064
10691033
8817761
12849470
11317453
16321239
5095465
13365075
772052
16404559
5935409
14348256
11467856
10054845
9143658
9618106
13420692
5900989
1252135
8860717
12386972
8457497
8961996
15975681
12761455
5509037
9357853
16664243
4778395
14227423
14836540
9500578
12374006
10688177
4869766
804988
14277010
5154562
3749977
10731533
12261658
15323564
14981871
16413511
3206448
8087647
8229212
14690677
6045444
10494167
10225571
6278749
8326437
5998088
10534608
9724509
746187
14822703
16675006
15180198
6647761
11309929
10032169
8350763
4796528
6776456
6857306
14956025
2518327
5022503
5164951
8122521
9126630
6118357
9019931
4769584
3915459
310053
12627001
9199164
1789342
15601133
9474259
16716320
399878
10657198
3819781
6277888
1986650
15906402
6290044
10984939
5004543
610320
4252287
11512028
7821751
8848813
8353347
5621188
10369557
6416557
10494119
2823816
6491192
8361278
9073630
4955571
1538388
1507310
12250664
10978188
13580607
2274235
16711406
14684756
15170574
11837675
225594
10583137
5665986
707333
10165409
13703484
3716994
12765273
8344120
12173575
3703841
16083252
9122650
7498986
2052761
7823750
16154467
1459655
5503475
1011515
2336661
16721138
6617687
4604645
5804244
813951
1388591
4067674
15303870
6258775
8411182
10743066
13226772
6920756
7020925
7810829
4695112
1863082
9198769
9093335
16699984
1275456
9921055
1315236
5197992
7586302
8702174
1180051
1049526
5580261
1419325
15718959
11984262
8693038
13764491
16010362
7658984
11111063
4649724
12243177
4463064
7438227
5275669
16657537
10507524
15920825
10776369
8610258
8379413
8235685
4395766
16197132
13386304
7960105
16562197
13818784
1389659
11094950
7432271
6026775
12173978
695652
1114582
9371570
8391587
4920524
6889487
250433
5376908
12009609
3218265
3545914
9446102
8269581
3328717
12859576
1939528
9371909
14877711
9681723
8421364
1590283
3987950
7557214
16311677
8220222
5968441
9311893
4612876
14058792
224573
10877727
7353617
7017219
8410486
6947525
3004481
5284450
16518021
8556009
9373407
2782987
14549238
15643010
10151834
14280944
12970839
369436
5379814
7422290
16136238
13471466
7552723
5977903
16021636
6532603
1295600
9696672
13015149
14770535
6356209
7477492
1325694
13227760
12766496
476423
2181417
6964726
262869
14431432
4466472
342559
3288180
562844
2636893
12209405
12834690
7092247
10536262
11330357
15134630
281415
12818406
12080487
16304734
16426477
1526028
2937550
13991543
4672740
1310750
3820827
12552482
4673845
8064264
16710512
4307154
11974285
15444907
7419792
15653555
4448540
356588
15103361
3141328
1298775
6539219
12076194
6921130
15631258
12140380
469796
14704655
2375240
12502063
5823308
15692990
2353070
6898528
7794274
11895387
15987674
13081627
7062913
12652237
310869
13348241
10374549
3855147
13677265
7480261
10724297
1754053
2709206
15552662
3902342
551651
4506551
14073388
8026314
15005477
6647900
10261539
5825040
8842339
14232509
3584248
4945522
15162448
7016568
11289850
4892627
10731217
11146589
1804918
16203750
12745848
2560912
1581089
4985555
15909673
190078
3390886
15961321
6867277
13582799
9182941
11281259
14740102
10251114
5158830
16483550
11302201
2357396
14426255
4441232
16659869
301924
15286665
6177053
14361958
1764857
13342482
7233468
10860917
9226526
5111902
6598587
7888186
13580668
2904507
1508480
12667074
6590196
10049092
6785402
8601242
15376974
14445187
16766239
11949301
13333528
6669543
16725763
16508317
735578
4567188
4041496
818538
7546263
8143579
2382632
10240511
2783893
16036539
10278939
11671236
6040433
439290
3293508
1825784
16553624
14337006
16615754
9156570
5062556
16377009
9873521
13331914
7543572
719728
10265648
232780
3004977
657294
4345284
11183795
6420021
5130693
12777063
7460902
336796
2802675
340272
7849862
9225840
1196796
148039
5738393
8866582
1074247
15784512
15864992
10915284
12531319
7083162
3711300
4734253
3055998
15850335
13718660
16594282
12489682
10051765
8306438
9823161
10545500
818115
8895941
14078628
5272561
11903472
9178329
2586097
6016066
5032383
9884299
4085367
1860845
8434389
11031722
5958919
1408753
16277658
11973479
4207393
16535260
1027078
8497595
13463292
3279892
4056725
12349107
2464554
10776371
15003195
6723700
8220436
7401706
10858845
14466369
2507180
16449468
6290502
8659761
6119573
8482815
12064893
9926787
9501045
14493140
5569412
16310275
12330564
12772404
3065617
4776450
2176507
9125383
11506364
11964129
3073608
6475277
12900185
3313474
6571723
8028060
15954099
12743482
16029650
10826891
2468959
8812787
14363491
9390908
11273610
11837312
3177815
12927618
16537430
14370689
5051156
9060162
7269168
14496899
379809
15059123
7528423
4555492
5439990
8020963
7150315
14703158
2882434
12942486
14417930
3262171
567667
5400748
7888730
4352719
16429434
9923370
1232298
2000965
13584508
5112982
816086
12020920
1557536
861858
13395370
1463281
351474
11997484
2880436
15829844
6666125
15578454
3143050
15972989
4396359
12316917
14720307
13877787
13566365
14694343
883283
7100573
10077945
7092405
11304359
1335541
10262616
12294948
7550181
13014648
11547605
12020378
8412587
9991268
14068033
12811535
14232949
8901720
3939751
4053511
13579742
15822703
7005666
7054630
7809348
968302
13995349
15566334
12359182
11122889
16027483
10692609
8793935
9813215
5720058
3530712
11188793
5435446
7297096
13002532
11477542
1212639
4207103
527198
6195799
11789482
13980093
766128
5639810
8735500
13293013
7548137
5763928
9586448
1009071
16204073
4954081
13902540
6875458
10604946
4712765
2304332
351892
14866757
5334463
2863592
2523615
14968099
5043136
7687264
14690688
8321283
13606301
7488288
11513550
6750428
3369065
12526654
14605717
10494204
7229326
10698227
1008434
5154207
878227
10898229
14754055
1522240
8012898
1244506
2884213
11086772
5262133
7398019
6537606
15299737
11851308
3431082
9860332
4053420
1811433
4657411
14336864
12683935
10380613
14070121
11038946
7383945
6072854
7828585
14993431
2910811
4625789
2784317
5347731
14801612
7143605
1109277
13269704
8110333
10274981
6551236
7027499
14823286
774282
15642652
2207263
9426781
6571291
8285059
6668366
15272361
13332557
15269352
3999034
3902648
2105481
14024883
7177015
6875895
13469611
7946489
3169830
5311612
15425661
3732001
545276
12750339
14552452
15968702
14140012
5249926
11521039
6697436
3924735
479888
6071129
4104587
5136205
7047336
14394163
13788402
232480
256915
13345115
6660499
10679585
4746191
15325685
15801593
11195562
12309615
8431604
12918346
8604297
1535670
13471546
2689689
4648870
12786153
11517265
12471111
11042258
14309742
13254717
3584213
446841
15891201
1040057
4685580
9473090
9473189
9220973
10476633
10381694
3132734
5537602
3731899
1316019
9564926
14728930
7785846
7048590
4188042
1093292
7042357
12466230
2179680
2746374
10788636
416529
10231367
14849254
6789270
15173899
2631055
7496621
13435010
8337045
16749223
7901218
11496600
6960584
6428145
3356479
10474167
4073613
15089395
9213153
7852488
15404007
13978841
12526878
7710432
11148081
11321554
422115
14277910
6982299
3556146
16164868
16545119
10515212
15493678
4866929
8876732
6491174
1160682
756332
11940237
8429909
13310172
777949
3259115
11602313
15668468
16031942
16193889
5088395
5880978
4184241
16025421
11839960
6136388
775837
5491623
1372521
15157850
5361524
6497219
12463089
10179995
14293080
3230474
2421699
2368530
7003761
11755630
2836219
4708735
14920893
10035127
4668490
766483
5462380
5826166
12868445
7185724
12602101
5227717
4294100
7410855
9681840
15670407
4275086
11097939
14590754
7567916
6619684
8153692
7223143
5833609
10383745
12583714
8595790
3239803
14209994
12464098
11961248
10520461
5583609
12723244
6798285
2295571
9781281
14529909
14838010
3392609
15578259
3299549
5846974
6335774
11729399
8031627
5971535
13283541
10565841
13559333
1652713
7956737
15657712
14757845
11651169
6588202
595445
12014782
1381259
14674812
10164010
7918375
9068768
9442457
13236977
2504841
14269527
12674880
4234283
2472056
11266755
6348163
8321343
13394380
11424835
8518966
9134522
15452288
6630237
5420857
7751405
284608
5717337
10875173
13228169
16743710
5251347
8002517
7883167
461622
458548
4863747
7215211
13408032
8004135
8851505
11421919
9646017
4695893
12858537
9950449
5183618
4386693
1111908
1909640
11376952
15614714
11128606
11007274
13591241
6822131
205517
758149
14047981
6601387
13370939
1908836
7614606
8376736
16404772
12900554
4207994
307488
9141486
14436258
6449373
7259500
13410958
14182846
7741297
16519339
4544446
4135097
3375744
9412837
6671155
13014256
14116071
13609953
6936300
9461159
4805833
15650656
14451017
13400410
11008276
7585689
6225102
1413178
1297167
5993486
8406811
15558659
16131327
4668925
289979
10313597
13760349
906385
3523840
15091529
11844996
3118034
7633456
14453267
6715522
7556324
13101763
1310113
2849431
10162853
6364024
10962417
12652321
14448149
4785011
10000665
12577048
12342278
1449606
357272
3445953
14641840
13290014
6145639
8175645
15647618
3054152
16060494
5853093
15336785
11362664
6305745
14492171
3147397
12591662
4374632
9557340
13408066
10146699
1497532
12157265
7549648
11320598
6807598
3560901
15787665
7435175
5644327
10780722
16231854
11471975
1986406
3620752
10830993
6626546
2315756
15676012
14296984
12610447
6955287
14333667
1195820
10215350
7316484
12298016
13136237
5184418
6454917
5000763
7917808
14299036
9077922
11964622
5825014
13552211
2187774
2087200
15140173
12261960
7177069
1654991
3648466
4976399
5722999
13305811
12175330
6320312
10455473
2226970
7593350
8295519
2950806
14140038
4982607
8331621
11829945
14935737
3460810
5320552
12492582
15659591
11629946
2835620
11067968
7048909
7043036
9183920
12285570
8555820
9961642
12161094
9667621
5179243
9672929
14185708
16089618
8278759
3318372
13175526
2980421
12802381
307486
4333594
13955155
11841112
12735109
6023924
10922685
11523727
2789158
11806867
11745152
16295994
6868595
12816611
3513949
12806769
15121579
4482910
435817
10403469
11302360
3112849
6720674
13489518
4665893
2399871
4099456
16698317
14598103
4069703
3117049
7542398
16619497
12716401
14568359
15397022
6798627
7453542
916128
2621934
9626616
11151263
2420690
6334976
179425
13866540
4129253
15480222
6380824
4520446
16365054
12314031
6323143
9785756
6316834
8862212
9631089
16144530
12544920
11664836
12207715
2700276
2507559
437969
13338706
9789472
6536400
10226740
10954990
12194236
939645
6283675
5623896
8799158
1413613
7536211
305320
12505823
1793588
8395859
12248207
9701718
10156336
10237923
13210641
11848662
10564243
9853182
1225930
14345338
13999946
16084195
7682308
3181906
2945663
11851640
9328339
14744745
10784245
16490661
15712527
11542640
5274572
13193643
12386214
7895523
10669507
11792465
3249657
13494500
1052258
12663303
6176099
11840530
12754339
849527
3768805
12360228
977256
4100011
14250008
15404620
12597289
12004540
12173305
4509710
7458647
9659143
6658336
5358097
13997109
2865227
8479735
14544629
11971370
15738206
352824
10480215
15086576
3900706
9396411
12972713
3477138
7425286
2602740
14748033
8841911
1473495
1640181
6866786
4189788
9156536
488650
4534559
15042557
12317935
10295085
14396181
2351088
13796311
11439957
12217757
11242167
14701672
422740
12183853
2893861
2808064
7639046
16147358
3630663
1044361
14425592
15074846
796986
11028426
10064355
4427850
9795479
5572259
14911074
11346907
13380418
3344388
1557385
9177414
12357194
3519437
11805348
14158744
5117896
6319196
12849950
259210
3138477
8861509
8391156
4578538
16682761
11887040
11071828
9845726
5340766
786827
15639371
13755824
4766323
5161051
13242934
10369841
2119492
15286995
11177382
7510469
6778322
1282949
11516899
1266827
13965788
892658
6334697
9503998
3442149
4869511
11898089
12021711
5836651
2813004
235447
16278888
6684845
13704079
7187810
13727765
15378973
12360704
8729670
14737220
5572929
9911721
8918921
16573390
12728996
9539787
9978752
13529025
4988533
16082462
3673587
868459
9281622
8045022
12596085
9070314
10000669
8237854
8384268
14980562
15546729
13635109
11592569
8111305
8201276
3986683
11886355
11616592
2555461
13114424
16602599
6019381
276192
1794789
4275002
13607751
16418952
5835388
1293539
5536082
8998156
16400254
13365776
6661715
14928827
5638804
13997344
5636399
8354407
5455384
4306676
10601003
2521941
11651791
9663230
10169233
7470852
11008265
3706782
4106219
6651646
4900756
8767483
1805647
16368659
15988964
2520208
278801
10120124
7685757
14694367
14497116
10294213
3206137
2074235
11277789
16170493
10933305
5379723
1611217
14646564
6798586
15397969
13929307
9405982
13542850
11688156
1535522
3449409
10606357
2160438
2864332
941669
12268830
2598032
1700301
5614702
8312180
803567
9809834
12572436
12441899
14564495
7264926
14831581
14826345
10564357
9940234
10619526
16707496
9390219
3897599
13739371
5153332
15881794
11921035
12697854
6977541
354413
11151418
4370152
6686891
6456248
5752989
10973462
14136620
5219680
6672463
15996832
1286332
8740348
2398036
14385013
4625344
12559362
9589298
5943411
2004485
10121921
10731134
12740038
993812
4226201
13098765
11158616
9230460
7880320
8706373
5103241
14724686
10670005
15355500
700278
2553190
2696535
11028748
15194295
374518
4099898
232159
893121
6584471
12643278
15331025
3328994
9666931
6128941
13312004
4332371
14102336
9528237
4867518
10816190
15946147
4121399
15390837
9415252
7140648
7395978
16300338
7464884
6931738
13768527
6630812
6047670
4551878
14573895
12360707
1959047
11807797
14664562
3018470
6239135
15167985
10304793
13017633
6601610
16622226
1116111
8993105
419776
5625505
9944159
5187945
1234572
14596106
1265763
2030543
257892
1820816
5128916
15727064
1948906
2818767
5474396
8837245
7879316
16420373
6138474
16281831
8136679
5499584
10155849
9369129
11567114
13498401
8130393
11224893
8569297
11232669
10231140
2476321
421694
3827367
15779759
11357047
8526328
6435623
10528254
8175055
14471538
10112097
10330094
13404241
11209996
3895249
8321133
13959950
2835942
16012857
11173883
7165906
14468840
3083301
8393053
13948360
15860507
854596
5592319
1106128
2005086
11132519
2433035
7070406
11367526
13160860
9995879
9987956
16261376
826271
8905790
12875583
4499613
520193
2905524
1357066
15581832
16714916
11991917
15158291
8442933
5958552
14766652
1222351
5634263
14437191
7482642
3586872
10331783
16078494
8618908
14266104
14681893
11647787
11294585
3023445
6676392
14470262
2037483
1359546
225377
12896633
11067409
8198397
1012099
11027177
1848439
12692353
16246366
7030277
10320785
11269264
9602190
13406193
11545887
14724376
3588295
11362298
11846655
5887807
12908006
15610866
13658126
4263425
3121782
325549
11166687
5782308
13783583
661426
6906599
11113138
5617959
